Nodes Current_Node  Objective_Bounds Work  Incumbent BestBd   Gap  Depth Time         
     0     0 3055.59102    0  400 -540.80000 3055.59102   665%     -    1s
H    0     0                    -524.3338776 3055.59102   683%     -    1s
     0     0 3020.29163    0  370 -524.33388 3020.29163   676%     -    3s
     0     0 3006.67151    0  368 -524.33388 3006.67151   673%     -    5s
     0     0 2963.18580    0  394 -524.33388 2963.18580   665%     -    7s
     0     0 2928.09857    0  405 -524.33388 2928.09857   658%     -    9s
     0     0 2915.42098    0  417 -524.33388 2915.42098   656%     -   11s
     0     0 2915.42098    0  444 -524.33388 2915.42098   656%     -   12s
     0     0 2915.42098    0  449 -524.33388 2915.42098   656%     -   14s
     0     0 2898.43357    0  451 -524.33388 2898.43357   653%     -   15s
H    0     0                    -500.9066667 2898.43357   679%     -   19s
     0     0 2885.16324    0  735 -500.90667 2885.16324   676%     -   19s
H    0     0                    -453.2098721 2885.16324   737%     -   21s
     0     0 2876.57027    0 1095 -453.20987 2876.57027   735%     -   21s
     0     0 2876.12106    0 1095 -453.20987 2876.12106   735%     -   22s
     0     0 2875.31532    0 1095 -453.20987 2875.31532   734%     -   22s
     0     0 2869.44911    0 1093 -453.20987 2869.44911   733%     -   23s
     0     0 2869.00562    0 1093 -453.20987 2869.00562   733%     -   24s
H    0     0                    -448.3698658 2869.00562   740%     -   26s
     0     2 2869.00562    0 1092 -448.36987 2869.00562   740%     -   34s
     3     8 2869.00562    2 1068 -448.36987 2869.00562   740%  2438   43s
     7    14 2869.00562    3 1059 -448.36987 2869.00562   740%  4316   48s
    19    26 2869.00562    5 1035 -448.36987 2869.00562   740%  3239   52s
H   31    39                    -448.3698657 2869.00562   740%  2287   54s
H   33    39                    -448.3698647 2869.00562   740%  2176   54s
    38    48 2869.00562    8  984 -448.36986 2869.00562   740%  1966   55s
    55    62 2869.00562   10  957 -448.36986 2869.00562   740%  1649   60s
    79    90 2869.00562   15  928 -448.36986 2869.00562   740%  1614   65s
H  110   116                    -447.7289655 2869.00562   741%  1320   67s
   124   139 2820.62003   23  901 -447.72897 2869.00562   741%  1222   70s
H  138   156                    -441.8498031 2869.00562   749%  1138   71s
   155   167 2790.32490   27  890 -441.84980 2869.00562   749%  1051   84s
   166   189 2787.65923   29  854 -441.84980 2869.00562   749%  1007   86s
H  188   195                    -441.8433261 2869.00562   749%   931   87s
H  189   195                    -441.5747898 2869.00562   750%   929   87s
H  190   195                    -441.2954450 2869.00562   750%   926   87s
H  191   195                    -439.5965395 2869.00562   753%   922   87s
H  192   195                    -412.0661522 2869.00562   796%   920   87s
   211   236 2755.14580   35  774 -412.06615 2869.00562   796%   884   90s
H  235   247                    -408.1258561 2869.00562   803%   839   96s
H  236   247                    -400.9188156 2869.00562   816%   839   96s
H  242   247                    -136.8829274 2869.00562  2196%   830   96s
   298   322 2565.07058   51  705 -136.88293 2869.00562  2196%   762  100s
   369   400 2373.12135   68  662 -136.88293 2869.00562  2196%   710  105s
   460   482 1853.37580   84  739 -136.88293 2869.00562  2196%   667  111s
   510   545 1046.76767   91  566 -136.88293 2869.00562  2196%   684  117s
   544   579 1608.26163   94  778 -136.88293 2869.00562  2196%   699  122s
H  548   579                      77.1966483 2869.00562  3616%   705  122s
   578   607 1392.55584   95  322   77.19665 2869.00562  3616%   712  127s
   606   628 1592.91935   95  772   77.19665 2869.00562  3616%   726  131s
   670   707 1325.07542  117  479   77.19665 2869.00562  3616%   760  138s
   706   769 1302.11438  138  458   77.19665 2869.00562  3616%   776  141s
   830   932 1238.92847  157  463   77.19665 2869.00562  3616%   720  145s
  1027  1195 1224.39096  185  436   77.19665 2869.00562  3616%   615  150s
  1312  1427 1215.44576  221  400   77.19665 2869.00562  3616%   511  155s
  1593  1764 1209.01785  248  374   77.19665 2869.00562  3616%   454  160s
  1991  2061 1203.20395  270  351   77.19665 2869.00562  3616%   391  174s
  2068  2277 1201.38749  280  342   77.19665 2869.00562  3616%   380  177s
  2284  2473 1197.98040  299  323   77.19665 2869.00562  3616%   355  180s
  2652  2838 1188.69348  356  268   77.19665 2869.00562  3616%   331  187s
  2851  3024 1183.63183  393  230   77.19665 2869.00562  3616%   318  191s
  3039  3278 1181.33891  412  210   77.19665 2869.00562  3616%   312  195s
  3527  3626  928.36820  514   67   77.19665 2869.00562  3616%   291  203s
* 3543  3626             540     248.5095781 2869.00562  1054%   291  203s
  3657  3708 1039.70159  518  110  248.50958 2869.00562  1054%   291  207s
  3743  3788  913.54851  529  100  248.50958 2869.00562  1054%   296  210s
  3889  3899 1035.60811  542   87  248.50958 2869.00562  1054%   307  221s
H 3939  3897                     252.7307161 2869.00562  1035%   310  221s
  4029  4114 1033.80517  552   77  252.73072 2869.00562  1035%   314  228s
  4157  4210 1032.76806  557   72  252.73072 2869.00562  1035%   315  232s
  4267  4276 1031.98748  563   65  252.73072 2869.00562  1035%   318  237s
  4337  4456 infeasible  580       252.73072 2869.00562  1035%   325  242s
  4519  4653  623.71345  596   18  252.73072 2869.00562  1035%   323  246s
H 4528  4592                     387.9866185 2869.00562   639%   323  246s
  4718  4801  534.12237  602   10  387.98662 2869.00562   639%   318  251s
  4933  4886 2527.26129    7 1000  387.98662 2869.00562   639%   315  256s
  5018  4996 1260.10247   22  410  387.98662 2869.00562   639%   317  263s
  5192  5133 2869.00562   13  935  387.98662 2869.00562   639%   322  268s
  5367  5407 2672.09069   26  868  387.98662 2869.00562   639%   323  274s
  5655  5601 2542.20059   44  818  387.98662 2869.00562   639%   319  281s
H 5861  5601                     388.0185940 2869.00562   639%   321  325s
  5862  5602 2563.51218   53 1093  388.01859 2869.00562   639%   321  348s
  5864  5603  929.66655  239  449  388.01859 2869.00562   639%   321  355s
  5865  5604 1006.13551  285  450  388.01859 2869.00562   639%   320  360s
  5868  5609 2869.00562   15  446  388.01859 2869.00562   639%   323  376s
  5870  5612 2869.00562   16  444  388.01859 2869.00562   639%   323  391s
  5874  5617 2869.00562   17  443  388.01859 2869.00562   639%   323  406s
H 5933  5375                     391.6991743 2869.00562   632%   322  409s
  5939  5380 2869.00562   22  437  391.69917 2869.00562   632%   322  410s
  6034  5449 2869.00562   29  489  391.69917 2869.00562   632%   324  415s
  6101  5494 2772.97513   35  563  391.69917 2869.00562   632%   327  420s
  6152  5532 2669.77781   39  606  391.69917 2869.00562   632%   329  425s
  6219  5574 2542.34009   43  650  391.69917 2869.00562   632%   329  430s
H 6267  5336                     393.3125227 2869.00562   629%   330  437s
H 6274  5081                     393.3836305 2869.00562   629%   331  437s
  6320  5122 2269.17224   50  647  393.38363 2869.00562   629%   332  441s
  6368  5202 2154.86015   53  645  393.38363 2869.00562   629%   334  446s
  6452  5215 1892.98762   58  563  393.38363 2869.00562   629%   337  450s
  6591  5375 1829.13727   74  561  393.38363 2869.00562   629%   344  455s
  6767  5416 1482.76378   87  615  393.38363 2869.00562   629%   349  460s
  6783  5435 1272.45066   88  600  393.38363 2869.00562   629%   350  465s
  6889  5658 1135.56908  107  591  393.38363 2869.00562   629%   357  470s
  7120  5656 1121.71973  137  575  393.38363 2869.00562   629%   352  475s
  7500  5953  870.72075  187  455  393.38363 2869.00562   629%   350  481s
  7755  6070  641.99299  236  305  393.38363 2869.00562   629%   347  485s
  8015  6188 1246.64808   80  410  393.38363 2869.00562   629%   352  492s
  8111  6396  791.05650   95  415  393.38363 2869.00562   629%   354  497s
  8489  6480 2794.95816   29  425  393.38363 2869.00562   629%   355  501s
  8924  6871 2330.91247   31  368  393.38363 2869.00562   629%   351  507s
  9369  7076  737.88391   86  271  393.38363 2869.00562   629%   349  514s
  9629  7072  482.89397  179  230  393.38363 2869.00562   629%   347  517s
  9744  7263  448.06397  192  199  393.38363 2869.00562   629%   349  520s
 10007  7250 2129.60560   41  326  393.38363 2869.00562   629%   351  529s
 10082  7374 1439.63572   55  241  393.38363 2869.00562   629%   355  532s
 10243  7721  657.45943   98  334  393.38363 2869.00562   629%   355  535s
 11090  8375  892.49599   47  399  393.38363 2869.00562   629%   345  542s
 11705  8439  832.41619  105  498  393.38363 2869.00562   629%   340  545s
 12461  8830  579.02213  102  425  393.38363 2869.00562   629%   333  552s
 12703  8951 2101.57954   46  490  393.38363 2869.00562   629%   336  558s
 12914  9685 2083.56152   63  568  393.38363 2869.00562   629%   339  566s
 13753  9693  722.16992  154  704  393.38363 2869.00562   629%   332  570s
H14619  9644                     393.6108021 2869.00562   629%   325  595s
H14621  9413                     394.0060664 2869.00562   628%   325  595s
H14623  9196                     394.0178225 2869.00562   628%   325  595s
 14819  9469  625.00537  211  643  394.01782 2869.00562   628%   326  602s
 15035  9610  622.91451  224  630  394.01782 2869.00562   628%   327  606s
 15354  9984  527.78738  247  608  394.01782 2869.00562   628%   326  610s
 15914 10479  506.57334  284  564  394.01782 2869.00562   628%   328  615s
 16841 10536 2054.58086   46  472  394.01782 2869.00562   628%   326  623s
 17143 11019 1020.31740   65  416  394.01782 2869.00562   628%   326  628s
 17799 11044 1385.81526   59  407  394.01782 2869.00562   628%   323  632s
 18086 11467 2767.32439   21  451  394.01782 2869.00562   628%   325  637s
 18731 11841 2281.59787   46  432  394.01782 2869.00562   628%   323  642s
 19263 12514 1721.78142   43  381  394.01782 2869.00562   628%   322  648s
 20057 13073 1061.13698   83  717  394.01782 2867.33287   628%   321  653s
 20728 13170  679.22204  100  683  394.01782 2866.10862   627%   322  659s
 20901 13797     cutoff  106       394.01782 2863.63263   627%   323  666s
 21619 14066  955.99497  100  679  394.01782 2860.78558   626%   322  671s
 21944 14724 2828.69217   24  413  394.01782 2860.55329   626%   323  677s
 22764 15277 1162.93325   85  511  394.01782 2858.47965   625%   325  683s
 23350 15508 1451.32451   75  625  394.01782 2858.47965   625%   327  688s
H23407 15508                     394.0178246 2858.47965   625%   328  688s
 23600 15926  847.16883   85  564  394.01782 2858.33310   625%   330  694s
 24045 16005 1884.64834   51  355  394.01782 2858.01567   625%   337  700s
 24124 16534 1746.61984   55  352  394.01782 2857.84211   625%   339  706s
 24713 16717 1197.86536   85  461  394.01782 2856.35079   625%   344  712s
 24931 17562 2443.58764   43  557  394.01782 2855.97789   625%   347  718s
 25855 17563 2056.52234   65 1093  394.01782 2855.97789   625%   344 1051s
 25857 17564  516.85169  329  449  394.01782 2855.97789   625%   344 1059s
 25858 17565 2601.89200   18  345  394.01782 2855.97789   625%   344 1064s
 25859 17566  575.37503  113  317  394.01782 2855.97789   625%   344 1067s
 25860 17566 1246.27778  111  339  394.01782 2855.97789   625%   344 1073s
 25861 17567 1171.99411   79  384  394.01782 2855.97789   625%   344 1076s
 25862 17568  958.66876  155  539  394.01782 2855.97789   625%   344 1081s
 25863 17568  534.42147  188  667  394.01782 2855.97789   625%   344 1085s
 25864 17569 1241.44964  100  766  394.01782 2855.97789   625%   344 1090s
 25865 17570  485.65469  135  887  394.01782 2855.97789   625%   344 1096s
 25866 17570  796.90745   88 1052  394.01782 2855.97789   625%   344 1100s
 25868 17572 2456.95302   54 1106  394.01782 2855.97789   625%   344 1113s
 25869 17572 1087.25304   67 1104  394.01782 2855.97789   625%   344 1115s
 25870 17573  976.09881  119 1106  394.01782 2855.97789   625%   344 1124s
 25871 17574  553.50787  174 1105  394.01782 2855.97789   625%   344 1125s
 25872 17574  424.00650  232 1106  394.01782 2855.97789   625%   343 1133s
 25873 17575  527.71873  306 1106  394.01782 2855.97789   625%   343 1135s
 25874 17576 1335.13954   68 1106  394.01782 2855.97789   625%   343 1142s
 25876 17577 1867.21601   61 1104  394.01782 2852.14996   624%   343 1153s
 25878 17578 1602.71177   87 1106  394.01782 2847.77684   623%   343 1162s
 25880 17580 1582.08741   90 1106  394.01782 2844.82164   622%   343 1171s
 25882 17581 2742.77035   35 1107  394.01782 2841.06648   621%   343 1181s
 25884 17582  408.14185  149 1105  394.01782 2837.92286   620%   343 1190s
 25886 17584  511.25349   97 1104  394.01782 2834.61377   619%   343 1199s
 25887 17584  441.52506  129 1103  394.01782 2834.27084   619%   343 1200s
 25888 17585  924.69615  151 1103  394.01782 2831.76771   619%   343 1208s
 25890 17586 1212.37010  125 1105  394.01782 2829.69174   618%   343 1216s
 25892 17588 1551.39890   66 1103  394.01782 2828.08917   618%   343 1225s
 25894 17589  537.30637  220 1104  394.01782 2822.37933   616%   343 1244s
 25895 17590  493.56130  168 1054  394.01782 2820.79180   616%   343 1253s
 25896 17590 1130.75167  100 1087  394.01782 2814.22146   614%   343 1283s
 25897 17591 1583.73186   56 1095  394.01782 2813.03784   614%   343 1291s
 25898 17592 1832.58766   57 1081  394.01782 2809.35073   613%   343 1307s
 25899 17592  501.17965  116 1087  394.01782 2808.44399   613%   343 1311s
 25900 17593 1591.83288   83 1088  394.01782 2806.05238   612%   343 1324s
 25901 17594 2494.27249   51 1083  394.01782 2805.68049   612%   343 1327s
 25902 17594  812.77245   75 1084  394.01782 2802.23065   611%   343 1346s
 25904 17596 2208.20323   32 1085  394.01782 2800.90396   611%   343 1358s
 25905 17596  727.05169  159 1084  394.01782 2800.76237   611%   343 1360s
 25906 17597  460.53457  121 1085  394.01782 2797.97171   610%   343 1380s
 25908 17598 1921.14852   56 1086  394.01782 2794.39781   609%   343 1401s
 25910 17600  399.63537  332 1086  394.01782 2792.40657   609%   343 1412s
 25912 17601  523.62114  210 1087  394.01782 2789.75504   608%   343 1433s
 25913 17602  437.93509  191 1087  394.01782 2789.71971   608%   343 1435s
 25914 17602  999.60945  140 1087  394.01782 2788.53426   608%   343 1444s
 25915 17603 2771.45408   26 1087  394.01782 2788.53426   608%   343 1446s
H25915 16721                     394.0191363 2788.53426   608%   343 1466s
 25918 16723 2576.22376   43 1087  394.01914 2785.38096   607%   343 1479s
H25918 15886                     403.5665659 2785.37619   590%   343 1487s
 25920 15887  484.03225  249 1087  403.56657 2783.67662   590%   343 1496s
 25922 15889 1681.91790   87 1086  403.56657 2780.96120   589%   343 1519s
 25923 15889 2705.73952   32 1083  403.56657 2780.84707   589%   343 1521s
 25924 15890 1705.39499   58 1083  403.56657 2779.47653   589%   343 1541s
 25926 15891  534.39064  188 1083  403.56657 2777.22881   588%   343 1563s
 25927 15892 2061.95174   61 1065  403.56657 2777.14107   588%   343 1565s
 25928 15893 1248.03989   72 1063  403.56657 2775.20762   588%   343 1586s
 25930 15894 2181.76854   59 1064  403.56657 2774.30827   587%   343 1597s
 25931 15895  409.80242  144 1066  403.56657 2774.19232   587%   343 1606s
 25932 15895  485.78692  285 1064  403.56657 2772.14181   587%   343 1624s
 25933 15896  518.39941   93 1066  403.56657 2772.11935   587%   343 1626s
 25934 15897 2129.33733   55 1066  403.56657 2770.79418   587%   343 1645s
 25936 15898 2767.45164   34 1066  403.56657 2768.50974   586%   343 1669s
 25937 15899 1136.79270   79 1066  403.56657 2768.38814   586%   343 1670s
 25938 15899 1686.21848   48 1067  403.56657 2766.56452   586%   343 1691s
 25939 15900  403.56657  221 1067  403.56657 2766.51617   586%   343 1701s
 25940 15901  524.25860  217 1067  403.56657 2764.28692   585%   343 1722s
 25941 15901 1621.65852   78 1069  403.56657 2764.28570   585%   343 1725s
 25942 15902 2530.68681   44 1069  403.56657 2762.67789   585%   343 1748s
 25944 15903 1670.13491   70 1069  403.56657 2761.30389   584%   343 1772s
 25946 15905  563.87550  189 1069  403.56657 2759.73274   584%   343 1792s
 25947 15905  863.22584   93 1067  403.56657 2759.72013   584%   343 1804s
 25948 15906 1585.98268   78 1069  403.56657 2757.42042   583%   342 1828s
 25950 15907  648.37508  103 1069  403.56657 2755.81515   583%   342 1849s
 25951 15908  482.63641   92 1070  403.56657 2755.79244   583%   342 1851s
 25952 15909  428.98617   58 1070  403.56657 2754.21181   582%   342 1875s
 25959 15913  575.37503  113 1070  403.56657 2754.12660   582%   342 1908s
 25961 15915 1171.99411   79 1070  403.56657 2754.12660   582%   342 1943s
 25962 15918 2754.12660   29 1036  403.56657 2754.12660   582%   346 2048s
 25964 15922 2754.12660   30 1039  403.56657 2754.12660   582%   346 2145s
 25968 15926 2754.12660   31 1035  403.56657 2754.12660   582%   346 2241s
 25974 15930 2754.12660   32 1033  403.56657 2754.12660   582%   346 2336s
 25986 15938 2754.12660   33 1051  403.56657 2754.12660   582%   346 2431s
 25992 15946 2754.12660   33 1013  403.56657 2754.12660   582%   346 2439s
 26002 15955 2754.12660   34 1047  403.56657 2754.12660   582%   346 2441s
 26026 15976 2754.12660   36 1030  403.56657 2754.12660   582%   347 2453s
H26041 15174                     403.5668913 2754.12660   582%   347 2453s
 26043 15187 2754.12660   37 1043  403.56689 2754.12660   582%   347 2456s
 26057 15201 2754.12660   39 1023  403.56689 2754.12660   582%   347 2460s
 26090 15221 2754.12660   41 1017  403.56689 2754.12660   582%   348 2467s
 26106 15236 2754.12660   42 1024  403.56689 2754.12660   582%   348 2471s
 26140 15259 2754.12660   45 1035  403.56689 2754.12660   582%   349 2478s
 26161 15277 2754.12660   46  994  403.56689 2754.12660   582%   350 2482s
 26186 15291 2754.12660   47  963  403.56689 2754.12660   582%   350 2486s
 26208 15305 2754.12660   48  935  403.56689 2754.12660   582%   351 2490s
 26252 15337 2754.12660   52  913  403.56689 2754.12660   582%   352 2499s
 26276 15350 2754.12660   53  890  403.56689 2754.12660   582%   353 2503s
 26297 15358 2754.12660   55  889  403.56689 2754.12660   582%   354 2507s
 26312 15386 2754.12660   56  867  403.56689 2754.12660   582%   354 2512s
 26345 15396 2754.12660   57  870  403.56689 2754.12660   582%   355 2518s
 26366 15414 2754.12660   59  867  403.56689 2754.12660   582%   356 2523s
 26391 15426 2700.90982   61  915  403.56689 2754.12660   582%   357 2529s
 26412 15442 2605.49659   62  890  403.56689 2754.12660   582%   357 2539s
 26435 15464 2576.45452   64  886  403.56689 2754.12660   582%   358 2544s
 26464 15482 2619.88397   66  917  403.56689 2754.12660   582%   359 2551s
 26492 15508 2429.71425   69  903  403.56689 2754.12660   582%   360 2556s
 26527 15528 2318.96049   72  875  403.56689 2754.12660   582%   361 2563s
 26559 15553 2269.33402   75  871  403.56689 2754.12660   582%   362 2569s
 26595 15572 2163.35064   78  827  403.56689 2754.12660   582%   363 2577s
 26626 15605 1951.84399   82  765  403.56689 2754.12660   582%   364 2583s
 26669 15627 1739.54249   87  700  403.56689 2754.12660   582%   366 2596s
 26705 15683 1613.76027   91  688  403.56689 2754.12660   582%   368 2602s
 26773 15712 1468.46117  100  658  403.56689 2754.12660   582%   369 2610s
 26825 15758 1259.36433  105  657  403.56689 2754.12660   582%   371 2617s
 26888 15791 1163.66256  111  616  403.56689 2754.12660   582%   373 2624s
H26918 15023                     403.5763597 2754.12660   582%   374 2624s
 26942 15087 1051.08299  114  550  403.57636 2754.12660   582%   375 2632s
H26966 14359                     417.9770762 2754.12660   559%   376 2632s
 27014 14418  990.24306  117  604  417.97708 2754.12660   559%   377 2640s
 27089 14482  963.64201  124  572  417.97708 2754.12660   559%   379 2647s
 27202 14538  883.30062  133  567  417.97708 2754.12660   559%   383 2655s
 27296 14578  821.15826  144  570  417.97708 2754.12660   559%   385 2664s
 27367 14684  819.81206  154  560  417.97708 2754.12660   559%   388 2672s
 27497 14752  747.67178  165  551  417.97708 2754.12660   559%   390 2681s
 27608 14787  674.41852  177  552  417.97708 2754.12660   559%   392 2694s
H27619 14099                     418.0953160 2754.12660   559%   392 2694s
 27680 14196  473.04428  183  542  418.09532 2754.12660   559%   393 2702s
H27792 13509                     421.0954436 2754.12660   554%   396 2702s
 27797 13644  636.31269  191  539  421.09544 2754.12660   554%   396 2710s
 27952 13723  617.97641  199  532  421.09544 2754.12660   554%   397 2720s
 28135 13751  577.21969  208  504  421.09544 2754.12660   554%   399 2730s
 28249 13841  614.47390  219  511  421.09544 2754.12660   554%   400 2741s
 28408 13864     cutoff  229       421.09544 2754.12660   554%   401 2753s
 28536 13930 2754.12660   39  986  421.09544 2754.12660   554%   403 2766s
 28673 14002 2754.12660   43  981  421.09544 2754.12660   554%   405 2786s
 28790 14125 1967.90625   51  843  421.09544 2754.12660   554%   407 2800s
 28952 14225  896.07558   67  718  421.09544 2754.12660   554%   408 2814s
 29149 14289 infeasible   83       421.09544 2754.12660   554%   411 2828s
 29313 14459 2754.12660   42 1028  421.09544 2754.12660   554%   413 2844s
 29560 14547 2754.12660   50  909  421.09544 2754.12660   554%   415 2858s
 29732 14730 2709.11876   63  865  421.09544 2754.12660   554%   419 2874s
 29984 14870 2238.65264   85  817  421.09544 2754.12660   554%   421 2890s
 30240 15089 2013.99267   99  765  421.09544 2754.12660   554%   426 2906s
 30545 15299 1286.05525  121  638  421.09544 2754.12660   554%   426 2922s
 30886 15334  561.05139  168  565  421.09544 2754.12660   554%   426 2940s
 31095 15277 2306.82825   61  881  421.09544 2754.12660   554%   428 2984s
H31097 14650                     426.7392892 2754.12660   545%   428 2984s
 31108 14907 2303.21203   62  883  426.73929 2754.12660   545%   428 3001s
 31369 15124 1306.82377   96  745  426.73929 2754.12660   545%   429 3019s
 31744 15371 2754.12660   55  914  426.73929 2754.12660   545%   431 3039s
H32028 14689                     426.7394236 2754.12660   545%   429 3039s
 32126 14883  916.47847  103  579  426.73942 2754.12660   545%   432 3060s
 32438 15020 2498.62012   68  907  426.73942 2754.12660   545%   435 3081s
 32679 15124 1416.40440  108  731  426.73942 2754.12660   545%   438 3104s
 32977 15168 2754.12660   46  933  426.73942 2754.12660   545%   440 3189s
H33004 14602                     426.7394238 2754.12660   545%   441 3189s
H33149 14021                     427.0717639 2754.12660   545%   442 3189s
 33150 14297 2533.67960   60  804  427.07176 2754.12660   545%   442 3214s
 33427 14490 2056.93910   81  733  427.07176 2754.12660   545%   446 3239s
 33728 14724 1231.76408  112  526  427.07176 2754.12660   545%   451 3265s
 34129 14810 2395.88477   54  977  427.07176 2754.12660   545%   455 3298s
 34420 15017 1079.85650   85  722  427.07176 2754.12660   545%   459 3333s
 34757 15226 2518.69693   64  891  427.07176 2754.12660   545%   462 3370s
 35148 15400  920.50184  110  745  427.07176 2754.12660   545%   465 3410s
 35605 15528 2754.12660   58  914  427.07176 2754.12660   545%   470 3451s
 35918 15842 1806.07741   80  680  427.07176 2754.12660   545%   474 3494s
H36362 15182                     428.6884511 2754.12660   542%   479 3808s
H36366 14702                     428.6884537 2754.12660   542%   479 3808s
 36368 15173 1204.83834  107  676  428.68845 2754.12660   542%   479 3851s
 36940 15305 2754.12660   50  974  428.68845 2754.12660   542%   482 3898s
 37281 15538 2553.70920   64  894  428.68845 2754.12660   542%   485 3945s
 37646 16028 2212.89563   94  847  428.68845 2754.12660   542%   490 3989s
 38267 16245 1511.03172  120  723  428.68845 2754.12660   542%   494 4037s
 38776 16677  906.75458  132  766  428.68845 2754.12660   542%   501 4117s
 39588 16806 2456.71490   48  931  428.68845 2754.12660   542%   508 4177s
 40133 17067     cutoff   82       428.68845 2754.12660   542%   512 4238s
 40633 17340 1294.76683  103  630  428.68845 2754.12660   542%   517 4303s
 41132 17702     cutoff   93       428.68845 2754.12660   542%   523 4370s
 41797 18070 2754.12660   47  969  428.68845 2754.12660   542%   529 4437s
 42545 18250 2754.12660   57  939  428.68845 2754.12660   542%   532 4502s
 43083 18396 2427.61279   56  877  428.68845 2754.12660   542%   537 4562s
 43439 18781  779.75042   80  650  428.68845 2754.12660   542%   540 4631s
 44127 19040 infeasible  114       428.68845 2754.12660   542%   547 4699s
 44805 19315 1790.36628   97  718  428.68845 2754.12660   542%   550 4766s
 45426 19592 1796.28348   80  715  428.68845 2754.12660   542%   554 4832s
 46054 19785 2255.06744   76  821  428.68845 2754.12660   542%   557 4895s
 46548 20100 2495.22557   66  792  428.68845 2754.12660   542%   559 4962s
 47139 20446 2736.90264   53  976  428.68845 2754.12660   542%   563 5029s
 47719 20767 1982.67494   88  806  428.68845 2754.12660   542%   568 5094s
 48364 21029  542.09969  134  632  428.68845 2754.12660   542%   571 5160s
 48949 21427 2619.24693   64  937  428.68845 2754.12660   542%   574 5223s
 49542 21880 2019.18819   99  885  428.68845 2754.12660   542%   578 5284s
 50281 22215 1221.26014  118  777  428.68845 2754.12660   542%   581 5351s
 50918 22622  730.83971  143  689  428.68845 2754.12660   542%   584 5415s
 51665 23196 2751.49429   52  907  428.68845 2754.12660   542%   586 5501s
 52523 23422 1600.59831  107  688  428.68845 2754.12660   542%   589 5557s
 53093 23567  821.55498  138  618  428.68845 2754.12660   542%   594 5616s
 53533 24045 2228.61213   76  720  428.68845 2754.12660   542%   597 5681s
 54188 24569 2388.79308   67  834  428.68845 2754.12660   542%   599 5747s
 54840 25150 2754.12660   53  927  428.68845 2754.12660   542%   601 5809s
 55421 25747 1969.15269   93  748  428.68845 2754.12660   542%   604 5869s
 56103 26103  600.50854  139  706  428.68845 2754.12660   542%   608 5930s
 56647 26319  694.78512  116  739  428.68845 2754.12660   542%   610 5990s
H56763 26319                     428.6884548 2754.12660   542%   611 5990s
 56937 26731 2754.12660   54  909  428.68845 2754.12660   542%   611 6055s
 57493 27261     cutoff  137       428.68845 2754.12660   542%   614 6121s
 58144 27809 2754.12660   49  956  428.68845 2754.12660   542%   616 6188s
 58862 28350 2754.12660   56  924  428.68845 2754.12660   542%   617 6252s
 59478 28907 2754.12660   55  863  428.68845 2754.12660   542%   619 6315s
 60120 29208     cutoff   96       428.68845 2754.12660   542%   621 6378s
 60531 29732 2129.38286   83  817  428.68845 2754.12660   542%   624 6442s
 61168 30400 2672.90550   65  866  428.68845 2754.12660   542%   625 6504s
 61836 30905 1999.42541  101  806  428.68845 2754.12660   542%   627 6561s
 62461 31384  949.81204  129  743  428.68845 2754.12660   542%   631 6626s
 63031 31880 2371.90777   80  892  428.68845 2754.12660   542%   633 6689s
 63610 32454 1610.71125  114  742  428.68845 2754.12660   542%   635 6748s
 64273 33008  648.42132  136  684  428.68845 2754.12660   542%   638 6823s
 65001 33528  528.25859  118  570  428.68845 2754.12660   542%   640 6889s
 65661 33925  549.66711  116  696  428.68845 2754.12660   542%   641 6955s
 66208 34497 1317.81048   96  660  428.68845 2754.12660   542%   644 7020s
 66942 35006  896.82237  117  578  428.68845 2754.12660   542%   644 7083s
 67602 35471 2400.75959   66  849  428.68845 2754.12660   542%   645 7145s
 68191 35952 2111.39718   71  812  428.68845 2754.12660   542%   646 7207s
 68789 36401 1700.15911   84  699  428.68845 2754.12660   542%   647 7269s
 69351 36894 1781.69310   79  769  428.68845 2754.12660   542%   648 7330s
 69965 37393     cutoff   98       428.68845 2754.12660   542%   649 7392s
 70558 37885  814.61608  123  618  428.68845 2754.12660   542%   650 7455s
 71170 38368 2754.12660   49  953  428.68845 2754.12660   542%   651 7517s
 71728 38817 1317.72494  111  656  428.68845 2754.12660   542%   652 7580s
 72311 39287 2754.12660   49  902  428.68845 2754.12660   542%   653 7642s
 72874 39726 2739.07695   48  966  428.68845 2754.12660   542%   653 7706s
 73390 40211 2754.12660   53  863  428.68845 2754.12660   542%   655 7769s
 74011 40659 2754.12660   53  955  428.68845 2754.12660   542%   655 7833s
 74581 41112 2302.61990   77  769  428.68845 2754.12660   542%   656 7895s
 75128 41329 2653.25337   59  957  428.68845 2754.12660   542%   657 7952s
 75365 41900 2409.84844   67  886  428.68845 2754.12660   542%   658 8015s
 75948 42369 1595.18103  103  822  428.68845 2754.12660   542%   661 8079s
 76555 42846 1034.01610  123  765  428.68845 2754.12660   542%   663 8145s
 77153 43244  590.80605  138  697  428.68845 2754.12660   542%   664 8220s
 77697 43869  502.35584  113  629  428.68845 2754.12660   542%   665 8304s
 78497 44406 2096.11117   93  903  428.68845 2754.12660   542%   666 8376s
 79180 44922 2158.01383   80  754  428.68845 2754.12660   542%   667 8445s
 79799 45472 2485.74358   75  966  428.68845 2754.12660   542%   668 8512s
 80377 46039 1653.44473  107  835  428.68845 2754.12660   542%   670 8577s
 81044 46502  847.00201  126  788  428.68845 2754.12660   542%   672 8645s
 81577 46832 2593.65766   75  909  428.68845 2754.12660   542%   674 8721s
H81587 46832                     428.6884549 2754.12660   542%   674 8721s
 81925 47357 2484.15954   81  890  428.68845 2754.12660   542%   675 8792s
 82516 47839 1451.68277  122  756  428.68845 2754.12660   542%   678 8863s
 83147 48195 2754.12660   36 1032  428.68845 2754.12660   542%   680 8933s
 83631 48720 2628.33509   56  946  428.68845 2754.12660   542%   680 9009s
 84323 49335 1676.67792   73  796  428.68845 2754.12660   542%   681 9082s
 85075 49796 1156.54809  114  656  428.68845 2754.12660   542%   682 9156s
 85642 50259     cutoff  111       428.68845 2754.12660   542%   683 9228s
 86207 50883 2343.50050   81  938  428.68845 2754.12660   542%   684 9296s
 86831 51377 1269.60006  122  807  428.68845 2754.12660   542%   686 9362s
 87453 51903 2229.79868   81  840  428.68845 2754.12660   542%   688 9436s
 88095 52442 2575.96096   74  870  428.68845 2754.12660   542%   689 9511s
 88634 52983 1717.39557  112  812  428.68845 2754.12660   542%   690 9580s
 89228 53425  868.35066  123  741  428.68845 2754.12660   542%   694 9654s
 89833 53957 2511.39702   62  765  428.68845 2754.12660   542%   695 9728s
 90517 54470 1476.30832   99  733  428.68845 2754.12660   542%   697 9795s
 91152 54852  710.23697  108  629  428.68845 2754.12660   542%   698 9859s
 91656 55328 2458.94294   57  894  428.68845 2754.12660   542%   698 9929s
 92241 55837 2086.90413   81  747  428.68845 2754.12660   542%   699 9998s
 92853 56343 2493.91623   63  889  428.68845 2754.12660   542%   700 10068s
 93359 56820 1894.78661  103  767  428.68845 2754.12660   542%   702 10134s
 93835 56820 1736.65348  110  729  428.68845 2754.12660   542%   705 10135s
 93918 57366  814.70956  127  789  428.68845 2754.12660   542%   705 10206s
 94627 57837  566.53501  127  576  428.68845 2754.12660   542%   706 10281s
 95198 58001  514.37980  126  408  428.68845 2754.12660   542%   707 10337s
H95273 58001                     428.6884567 2754.12660   542%   707 10337s
 95400 58470 1427.08274   92  736  428.68846 2754.12660   542%   707 10412s
 96050 58901  583.59114  117  621  428.68846 2754.12660   542%   708 10487s
 96657 59368 2754.12660   51  942  428.68846 2754.12660   542%   710 10563s
 97232 59814     cutoff  127       428.68846 2754.12660   542%   711 10638s
 97793 60457 2222.14021   77  893  428.68846 2754.12660   542%   713 10709s
 98436 61061 1039.32750  110  780  428.68846 2754.12660   542%   714 10779s
 99172 61391  612.43069  127  748  428.68846 2754.12660   542%   716 10850s
 99558 61906 2743.45634   60  962  428.68846 2754.12660   542%   716 10926s
 100132 62399 2388.77089   76  871  428.68846 2754.12660   542%   718 11003s
 100660 62964 2047.02752   93  810  428.68846 2754.12660   542%   718 11075s
 101266 63552 1545.74255   99  772  428.68846 2754.12660   542%   719 11149s
 102069 64042 1346.37032  110  766  428.68846 2754.12660   542%   720 11226s
 102753 64621  995.55784  128  722  428.68846 2754.12660   542%   721 11300s
 103512 64990 2424.38468   64  800  428.68846 2754.12660   542%   721 11361s
H104091 65356                     428.6884567 2754.12660   542%   722 11421s
 104548 65792     cutoff  115       428.68846 2754.12660   542%   723 11489s
 105132 66150 2684.25056   58  892  428.68846 2754.12660   542%   723 11564s
 105641 66544 2518.69209   58  978  428.68846 2754.12660   542%   723 11637s
 106207 66832 1118.78576   77  749  428.68846 2754.12660   542%   724 11706s
 106584 67322 2673.26230   66  911  428.68846 2754.12660   542%   725 11782s
 107142 67754 1797.78270   98  737  428.68846 2754.12660   542%   726 11856s
 107636 68182 1095.06792  129  662  428.68846 2754.12660   542%   728 11930s
 108162 68634 2601.71588   63  856  428.68846 2754.12660   542%   729 12009s
 108672 69190 1832.51218   91  750  428.68846 2754.12660   542%   730 12092s
 109338 69734  543.15837  132  584  428.68846 2754.12660   542%   731 12175s
 110005 70304     cutoff  119       428.68846 2754.12660   542%   732 12257s
 110674 70934 1663.96159  107  685  428.68846 2754.12660   542%   733 12335s
 111304 71508  876.93056  143  552  428.68846 2754.12660   542%   734 12411s
 112011 72080 2754.12660   53  877  428.68846 2754.12660   542%   735 12492s
 112741 72612 1558.54755   96  636  428.68846 2754.12660   542%   736 12569s
H112948 72612                     428.6885215 2754.12660   542%   736 12569s
 113408 73064 2005.27588   76  874  428.68852 2754.12660   542%   736 12649s
 113938 73702 2178.45454   59  722  428.68852 2754.12660   542%   737 12726s
 114656 74312  821.59231   96  725  428.68852 2754.12660   542%   738 12804s
 115493 74827     cutoff  108       428.68852 2754.12660   542%   737 12886s
 116257 75104  483.58629  131  544  428.68852 2754.12660   542%   737 12947s
 116607 75610 2754.12660   54  956  428.68852 2754.12660   542%   737 13024s
 117171 76168 1962.31754   96  739  428.68852 2754.12660   542%   738 13097s
 117807 76680 1117.57422  136  684  428.68852 2754.12660   542%   739 13172s
 118473 77133 2754.12660   49  954  428.68852 2754.12660   542%   740 13251s
 119033 77645 2165.05516   86  817  428.68852 2754.12660   542%   741 13330s
 119617 78143 1345.63558  127  761  428.68852 2754.12660   542%   742 13406s
 120301 78599 2315.16240   62  829  428.68852 2754.12660   542%   743 13486s
 120901 79137 1420.17843   85  735  428.68852 2754.12660   542%   743 13563s
 121583 79586  718.97131  120  590  428.68852 2754.12660   542%   744 13642s
 122201 79978  470.37536  128  534  428.68852 2754.12660   542%   745 13718s
 122722 80464 1269.69268  103  413  428.68852 2754.12660   542%   745 13795s
 123385 80916 2038.85439   72  830  428.68852 2754.12660   542%   746 13874s
 123946 81008 2542.59581   67  913  428.68852 2754.12660   542%   746 13943s
H123971 81008                     428.6885216 2754.12660   542%   746 13943s
 124038 81534 2504.08841   66  928  428.68852 2754.12660   542%   747 14016s
 124564 82064 1865.25196  102  849  428.68852 2754.12660   542%   747 14093s
 125146 82484 1183.62273  134  728  428.68852 2754.12660   542%   749 14172s
 125733 83027 2327.90281   70  782  428.68852 2754.12660   542%   750 14252s
 126412 83533 1757.47678   91  666  428.68852 2754.12660   542%   750 14328s
 127089 83981     cutoff  114       428.68852 2754.12660   542%   750 14405s
 127629 84492  528.30731  109  537  428.68852 2754.12660   542%   751 14484s
 128302 85019 2233.77045   69  851  428.68852 2754.12660   542%   751 14565s
 129007 85422 1199.72147   85  717  428.68852 2754.12660   542%   751 14635s
 129556 85882 1335.60927  102  500  428.68852 2754.12660   542%   752 14707s
 130158 86165  582.98644   91  729  428.68852 2754.12660   542%   752 14773s
 130557 86765 1206.48250   97  731  428.68852 2754.12660   542%   753 14849s
 131246 87146 2317.76825   80  823  428.68852 2754.12660   542%   752 14924s
 131744 87636 2754.12660   50  937  428.68852 2754.12660   542%   752 15001s
 132387 88117 2714.02470   57  953  428.68852 2754.12660   542%   753 15078s
 132997 88597 2746.41294   55  871  428.68852 2754.12660   542%   753 15155s
 133584 89135 2440.23111   61  842  428.68852 2754.12660   542%   754 15232s
 134122 89658 1587.98845  107  731  428.68852 2754.12660   542%   754 15313s
 134681 90087  709.78757  134  621  428.68852 2754.12660   542%   756 15388s
 135230 90476  778.02980  120  566  428.68852 2754.12660   542%   757 15462s
 135785 90974 2754.12660   55  929  428.68852 2754.12660   542%   757 15543s
 136421 91564 2468.43678   62  785  428.68852 2754.12660   542%   758 15625s
 137172 92104 1892.16142   90  734  428.68852 2754.12660   542%   758 15704s
 137839 92574  534.55976  112  647  428.68852 2754.12660   542%   759 15776s
 138407 93078 1279.98278   98  751  428.68852 2754.12660   542%   759 15857s
 139038 93595  691.88971  121  571  428.68852 2754.12660   542%   759 15936s
 139711 94084 1530.62903   84  704  428.68852 2754.12660   542%   759 16014s
 140302 94617 2240.96443   77  804  428.68852 2754.12660   542%   760 16091s
 140835 95189 1437.79620  107  878  428.68852 2754.12660   542%   761 16164s
 141462 95713  977.15849  122  808  428.68852 2754.12660   542%   762 16241s
 142077 95818 2754.12660   54  934  428.68852 2754.12660   542%   763 16568s
 142240 96498 2670.15661   67  881  428.68852 2754.12660   542%   763 16673s
 143124 96972  595.43695  121  563  428.68852 2754.12660   542%   763 16759s
 143756 97583 2603.45817   66  803  428.68852 2754.12660   542%   763 16850s
 144503 98032 1200.49296  108  696  428.68852 2754.12660   542%   763 16938s
 145080 98589 2331.34675   63  847  428.68852 2754.12660   542%   764 17026s
 145786 99098  570.37909   68  700  428.68852 2754.12660   542%   765 17114s
 146453 99635 2529.68091   62  862  428.68852 2754.12660   542%   765 17202s
 147153 100089 2420.82036   73  841  428.68852 2754.12660   542%   766 17289s
 147783 100528  534.72462   80  733  428.68852 2754.12660   542%   766 17370s
 148343 101061 1154.51515   98  623  428.68852 2754.12660   542%   767 17456s
 149105 101563 1935.27756   85  744  428.68852 2754.12660   542%   767 17540s
 149808 102106  995.28357  106  744  428.68852 2754.12660   542%   768 17621s
 150393 102610 2540.29804   59  902  428.68852 2754.12660   542%   768 17704s
 151006 103134 2187.16409   83  864  428.68852 2754.12660   542%   769 17787s
 151622 103697 1799.39863   98  725  428.68852 2754.12660   542%   769 17870s
 152253 104188 1063.89280  128  648  428.68852 2754.12660   542%   770 17949s
 152850 104773  614.18005  146  561  428.68852 2754.12660   542%   770 18029s
 153587 105304  942.02029  108  623  428.68852 2754.12660   542%   770 18111s
 154282 105672 2686.32551   66  910  428.68852 2754.12660   542%   771 18178s
 154754 106146 2754.12660   58  995  428.68852 2754.12660   542%   771 18256s
 155329 106649 2470.17648   51  924  428.68852 2754.12660   542%   771 18340s
 155881 107067 1453.49300   63  798  428.68852 2754.12660   542%   771 18427s
 156616 107478  667.13881   78  651  428.68852 2754.12660   542%   772 18512s
 157257 107841 1661.26618   96  740  428.68852 2754.12660   542%   772 18595s
 157719 108325 1865.56233   82  703  428.68852 2754.12660   542%   772 18683s
 158312 108559 1990.09717   95  813  428.68852 2754.12660   542%   773 18756s
 158609 109107 1976.77946   96  812  428.68852 2754.12660   542%   773 18843s
 159210 109590 1700.09627   93  730  428.68852 2754.12660   542%   773 18932s
 159824 110238 1626.69684   86  604  428.68852 2754.12660   542%   775 19021s
 160610 110766  931.16947  105  493  428.68852 2754.12660   542%   774 19109s
 161303 111236 1152.57529  112  640  428.68852 2754.12660   542%   775 19194s
 161852 111864 2606.48502   68  883  428.68852 2754.12660   542%   775 19279s
 162564 112428  757.11790  126  616  428.68852 2754.12660   542%   775 19363s
 163185 112916  520.25475  118  652  428.68852 2754.12660   542%   776 19447s
 163808 113384 2536.33953   70  848  428.68852 2754.12660   542%   776 19531s
 164391 113846 1924.07048   99  780  428.68852 2754.12660   542%   777 19621s
 164965 114423 1701.11455   84  783  428.68852 2754.12660   542%   777 19706s
 165706 114903 1499.18342   95  758  428.68852 2754.12660   542%   777 19792s
 166352 115401  697.86145  111  661  428.68852 2754.12660   542%   777 19878s
 166960 115972  681.11152  105  514  428.68852 2754.12660   542%   777 19966s
 167658 116393 2746.78418   55  916  428.68852 2754.12660   542%   778 20046s
 168311 116573     cutoff  127       428.68852 2754.12660   542%   778 20115s
 168559 117075 1681.12641   86  764  428.68852 2754.12660   542%   778 20200s
 169185 117518 2505.02424   53  976  428.68852 2754.12660   542%   778 20283s
 169735 118078 2495.24901   37  940  428.68852 2754.12660   542%   779 20373s
 170463 118543 1741.82326   81  824  428.68852 2754.12660   542%   778 20458s
 171095 119008 2631.01371   62  851  428.68852 2754.12660   542%   778 20544s
 171697 119489  805.68104  104  725  428.68852 2754.12660   542%   779 20630s
 172359 119971 2251.46066   76  773  428.68852 2754.12660   542%   779 20714s
 172942 120483 2167.83859   76  809  428.68852 2754.12660   542%   779 20799s
 173551 120891 1318.93557   83  706  428.68852 2754.12660   542%   779 20884s
 174133 121387  916.87999  102  548  428.68852 2754.12660   542%   779 20969s
 174730 121850 2505.21105   65  800  428.68852 2754.12660   542%   779 21054s
 175323 122242 2436.90267   77  844  428.68852 2754.12660   542%   780 21137s
 175808 122632 2098.94684   75  802  428.68852 2754.12660   542%   780 21216s
 176303 123010 2441.88718   61  835  428.68852 2754.12660   542%   781 21294s
 176774 123588 2394.30537   47  912  428.68852 2754.12660   542%   781 21378s
 177402 123960 1862.95856   91  794  428.68852 2754.12660   542%   781 21466s
 177929 124420     cutoff  125       428.68852 2754.12660   542%   782 21553s
 178548 124968 1130.15605   88  540  428.68852 2754.12660   542%   782 21643s
 179197 125597 1919.88713   92  789  428.68852 2754.12660   542%   782 21730s
 179828 126191 1117.00055  126  622  428.68852 2754.12660   542%   783 21807s
 180498 126553  549.55273  149  557  428.68852 2754.12660   542%   784 21888s
 181022 126989 1294.51670   76  801  428.68852 2754.12660   542%   784 22017s
 181580 127518 2744.16829   63  908  428.68852 2754.12660   542%   784 22109s
 182178 128095 1508.22358  104  772  428.68852 2754.12660   542%   785 22202s
 182897 128579 1402.96933   83  651  428.68852 2754.12660   542%   785 22293s
 183498 129117 1749.94645   84  704  428.68852 2754.12660   542%   786 22381s
 184098 129633 2229.10591   68  744  428.68852 2754.12660   542%   786 22472s
 184756 130142 1270.77002   97  624  428.68852 2754.12660   542%   786 22561s
 185389 130657 1619.95140   93  667  428.68852 2754.12660   542%   787 22650s
 186064 131131 1825.20659   90  666  428.68852 2754.12660   542%   787 22739s
 186685 131634 1031.63850  119  562  428.68852 2754.12660   542%   787 22829s
 187375 132074  476.50753   77  696  428.68852 2754.12660   542%   787 22916s
 187928 132520 1360.03839   84  614  428.68852 2754.12660   542%   788 23004s
 188518 133068 2372.62553   56  903  428.68852 2754.12660   542%   788 23091s
 189247 133600 2752.42306   63  919  428.68852 2754.12660   542%   788 23179s
 189901 134100 1851.95862   95  756  428.68852 2754.12660   542%   788 23265s
 190525 134544 1061.57307  103  541  428.68852 2754.12660   542%   788 23353s
 191136 135016 2161.23479   69  862  428.68852 2754.12660   542%   789 23438s
 191735 135561 2754.12660   62  967  428.68852 2754.12660   542%   789 23528s
 192409 135916 2412.96624   55  893  428.68852 2754.12660   542%   789 23609s
 192947 136370     cutoff   68       428.68852 2754.12660   542%   789 23694s
 193472 136832 1928.96908   70  730  428.68852 2754.12660   542%   789 23779s
 194072 137277 1322.53745  105  780  428.68852 2754.12660   542%   790 23870s
 194717 137720 1533.45065   59  773  428.68852 2754.12660   542%   790 23957s
 195307 138140  488.55660   90  740  428.68852 2754.12660   542%   790 24050s
 195830 138658  547.00508  135  517  428.68852 2754.12660   542%   790 24141s
 196511 139041  703.38295   89  755  428.68852 2754.12660   542%   790 24230s
 197014 139582 2199.28713   77  760  428.68852 2754.12660   542%   791 24320s
 197555 140119  934.05979  119  493  428.68852 2754.12660   542%   791 24405s
 198160 140543     cutoff   73       428.68852 2754.12660   542%   792 24497s
 198752 141131  489.75860  105  512  428.68852 2754.12660   542%   792 24586s
 199438 141550 2200.38121   67  811  428.68852 2754.12660   542%   793 24671s
 200028 142021 1804.43103   81  791  428.68852 2754.12660   542%   793 24760s
 200605 142501 2588.49460   61  973  428.68852 2754.12660   542%   793 24851s
 201199 142840 2100.23138   81  821  428.68852 2754.12660   542%   793 24941s
 201658 143317 1350.12867   64  850  428.68852 2754.12660   542%   794 25036s
 202241 143803 1421.28988   84  697  428.68852 2754.12660   542%   794 25126s
 202874 144302 2638.63354   62  897  428.68852 2754.12660   542%   794 25216s
 203431 144869 2213.82363   77  767  428.68852 2754.12660   542%   795 25307s
 204024 145415 1340.88179  116  823  428.68852 2754.12660   542%   795 25397s
 204676 145871  496.14495  132  784  428.68852 2754.12660   542%   796 25478s
 205265 146320  711.89319  118  626  428.68852 2754.12660   542%   796 25568s
 205869 146832  953.88320  110  492  428.68852 2754.12660   542%   796 25659s
 206553 147300 1677.54472   77  717  428.68852 2754.12660   542%   796 25747s
 207140 147798 2481.71152   61  886  428.68852 2754.12660   542%   796 25836s
 207638 148326 2032.21970  102  802  428.68852 2754.12660   542%   797 25920s
 208213 148709  814.01217  128  789  428.68852 2754.12660   542%   797 26010s
 208727 149173 2379.73251   69  821  428.68852 2754.12660   542%   798 26102s
 209314 149643 2222.75980   66  755  428.68852 2754.12660   542%   798 26209s
 209982 150140 2446.26655   62  903  428.68852 2754.12660   542%   798 26305s
 210591 150450  742.71075   93  566  428.68852 2754.12660   542%   799 26385s
 210981 150977 1317.82731   91  632  428.68852 2754.12660   542%   799 26482s
 211597 150984 2214.54125   76  806  428.68852 2754.12660   542%   799 26563s
 211604 151577 2273.50149   76  842  428.68852 2754.12660   542%   799 26657s
 212223 152161 1401.43365  121  753  428.68852 2754.12660   542%   800 26750s
 212912 152654 2319.67251   58  882  428.68852 2754.12660   542%   800 26846s
 213520 153140 2059.42075   63  810  428.68852 2754.12660   542%   801 26945s
 214134 153673 1915.21930   66  941  428.68852 2754.12660   542%   801 27042s
 214824 154169  603.81404  121  721  428.68852 2754.12660   542%   801 27138s
 215479 154646 2030.74866   91  673  428.68852 2754.12660   542%   801 27234s
 216056 154869 2445.11026   73  783  428.68852 2754.12660   542%   801 27308s
 216279 155410 2421.34801   74  819  428.68852 2754.12660   542%   801 27400s
 216820 155929 1405.45779  106  677  428.68852 2754.12660   542%   802 27493s
 217501 156426 2472.40969   66  938  428.68852 2754.12660   542%   803 27581s
 218114 157005 2430.93431   72  799  428.68852 2754.12660   542%   803 27670s
 218693 157535 1361.57123  121  641  428.68852 2754.12660   542%   803 27754s
 219303 157968  521.50224  140  652  428.68852 2754.12660   542%   804 27846s
 219924 158464 1885.77210   80  815  428.68852 2754.12660   542%   805 27938s
 220521 158965  511.44935   99  636  428.68852 2754.12660   542%   805 28029s
 221184 159448 2462.46356   83  831  428.68852 2754.12660   542%   805 28118s
 221816 159913 2129.32522   85  811  428.68852 2754.12660   542%   805 28210s
 222387 160241 1264.60287   96  714  428.68852 2754.12660   542%   805 28302s
 222836 160727  524.02071   97  478  428.68852 2754.12660   542%   806 28393s
 223439 161129 2506.36966   59  893  428.68852 2754.12660   542%   806 28480s
 223910 161682  492.26120  114  461  428.68852 2754.12660   542%   806 28573s
 224491 162272 2031.79194   99  768  428.68852 2754.12660   542%   806 28663s
 225149 162904 2695.29957   72  893  428.68852 2754.12660   542%   806 28754s
 225869 163413 2608.52120   64  879  428.68852 2754.12660   542%   807 28844s
 226488 163598 2086.12234  102  809  428.68852 2754.12660   542%   807 28914s
 226706 164057 1835.04374  114  795  428.68852 2754.12660   542%   808 29007s
 227331 164497  917.67668  125  793  428.68852 2754.12660   542%   808 29103s
 227910 165076 2597.24897   68  831  428.68852 2754.12660   542%   809 29195s
 228489 165586 1466.76272  114  785  428.68852 2754.12660   542%   809 29282s
 229057 166070  798.63943   75  733  428.68852 2754.12660   542%   810 29375s
 229713 166591 1318.15789   93  598  428.68852 2754.12660   542%   810 29469s
 230373 167039 1301.27686  105  736  428.68852 2754.12660   542%   810 29568s
 230967 167517  919.18974  113  543  428.68852 2754.12660   542%   810 29665s
 231582 168015 2437.90183   63  806  428.68852 2754.12660   542%   811 29764s
 232214 168514 1696.20716   84  626  428.68852 2754.12660   542%   811 29861s
 232875 169030  808.20613  124  511  428.68852 2754.12660   542%   811 29955s
 233498 169283 2237.98252   62  840  428.68852 2754.12660   542%   811 30000s

