
Cutting planes:
  Learned: 15
  Gomory: 6
  Implied bound: 2600
  Projected implied bound: 6
  MIR: 730
  Flow cover: 684
  Network: 16
  RLT: 202
  Relax-and-lift: 586

Explored 364506 nodes (287244262 simplex iterations) in 30000.02 seconds
Thread count was 12 (of 12 available processors)

Solution count 10: 292.854 292.853 292.803 ... 285.874

Time limit reached
Best objective 2.928537095701e+02, best bound 8.775253806297e+02, gap 199.6463%
Gurobi 9.1.2: time limit with a feasible solution; objective 292.8537096
287244262 simplex iterations
364506 branch-and-cut nodes
No basis.
No dual variables returned.
2 integer variables rounded to integers; maxerr = 7.47494e-06
profit = 292.854

profit = 292.854

chi [*,*] (tr)
:  Cooling_System OPS Oil Winding    :=
0         0         0   1     0
1         0         0   0     0
2         0         0   0     0
3         0         0   0     0
4         0         0   0     0
5         0         0   0     0
6         0         0   0     0
7         0         0   0     0
8         0         0   0     0
9         0         0   0     0
10        0         0   0     0
11        0         0   0     0
12        0         0   0     0
13        0         0   0     0
14        0         0   0     0
15        0         0   0     0
16        0         0   0     0
17        0         0   0     0
18        0         0   0     0
19        0         0   0     0
20        0         0   0     0
;

q [*] :=
  1 0.83         97 0.7         193 0.238782    289 0.129692    385 0.090692
  2 0.75         98 0.7         194 0.238782    290 0.129692    386 0.090692
  3 0.64         99 0.64        195 0.238782    291 0.129692    387 0.090692
  4 0.7         100 0.7         196 0.238782    292 0.129692    388 0.0884839
  5 0.64        101 0.64        197 0.238782    293 0.129692    389 0.090692
  6 0.7         102 0.7         198 0.238782    294 0.129692    390 0.090692
  7 0.83        103 0.7         199 0.238782    295 0.129692    391 0.090692
  8 1.06831     104 0.7         200 0.238782    296 0.129692    392 0.0906899
  9 1.06787     105 0.7         201 0.238782    297 0.129692    393 0.090692
 10 1.06742     106 0.7         202 0.238782    298 0.129692    394 0.090692
 11 1.06697     107 0.7         203 0.238782    299 0.129692    395 0.090692
 12 1.06653     108 0.7         204 0.238782    300 0.129692    396 0.090692
 13 1.06608     109 0.7         205 0.238782    301 0.129692    397 0.090692
 14 1.06564     110 0.7         206 0.238782    302 0.129692    398 0.090692
 15 1.0652      111 0.7         207 0.238782    303 0.129692    399 0.090692
 16 1.06475     112 0.7         208 0.238782    304 0.129692    400 0.090692
 17 1.06431     113 0.7         209 0.238782    305 0.129692    401 0.090692
 18 1.06387     114 0.7         210 0.238782    306 0.129692    402 0.090692
 19 1.06343     115 0.7         211 0.238782    307 0.129692    403 0.090692
 20 0.965778    116 0.7         212 0.238782    308 0.129692    404 0.090692
 21 0.965597    117 0.7         213 0.238782    309 0.129692    405 0.090692
 22 0.965417    118 0.7         214 0.238782    310 0.129692    406 0.090692
 23 0.965237    119 0.7         215 0.238782    311 0.129692    407 0.090692
 24 0.148748    120 0.7         216 0.238782    312 0.129692    408 0.090692
 25 0.148587    121 0.515008    217 0.196246    313 0.118748    409 0.0871386
 26 0.148426    122 0.515008    218 0.196246    314 0.118748    410 0.0871386
 27 0.148265    123 0.515008    219 0.196246    315 0.118748    411 0.0871386
 28 0.148104    124 0.515008    220 0.196246    316 0.118748    412 0.0871386
 29 0.147943    125 0.515008    221 0.196246    317 0.118748    413 0.0871386
 30 0.147783    126 0.515008    222 0.196246    318 0.118748    414 0.0870274
 31 0.147622    127 0.515008    223 0.196246    319 0.118748    415 0.0871386
 32 0.147462    128 0.515008    224 0.196246    320 0.118748    416 0.086076
 33 0.147302    129 0.515008    225 0.196246    321 0.118748    417 0.0871386
 34 0.147142    130 0.515008    226 0.196246    322 0.118748    418 0.0871386
 35 0.146983    131 0.515008    227 0.196246    323 0.118748    419 0.0871386
 36 0.146823    132 0.515008    228 0.196246    324 0.118748    420 0.0871386
 37 0.146664    133 0.515008    229 0.196246    325 0.118748    421 0.0871386
 38 0.146505    134 0.515008    230 0.196246    326 0.118748    422 0.0871386
 39 0.146346    135 0.515008    231 0.196246    327 0.118748    423 0.0871386
 40 0.146187    136 0.515008    232 0.196246    328 0.118748    424 0.0871386
 41 0.146029    137 0.515008    233 0.196246    329 0.118748    425 0.0871386
 42 0.14587     138 0.515008    234 0.196246    330 0.118748    426 0.0850206
 43 0.145712    139 0.515008    235 0.196246    331 0.118748    427 0.0871386
 44 0.145554    140 0.515008    236 0.196246    332 0.118748    428 0.0871386
 45 0.145396    141 0.515008    237 0.196246    333 0.118748    429 0.0862907
 46 0.145238    142 0.515008    238 0.196246    334 0.118748    430 0.0871386
 47 0.145081    143 0.515008    239 0.196246    335 0.118748    431 0.0871386
 48 0.144923    144 0.515008    240 0.196246    336 0.0931879   432 0.0871386
 49 0.144766    145 0.387673    241 0.166325    337 0.0930868   433 0.0845749
 50 0.144609    146 0.387673    242 0.166325    338 0.0929858   434 0.0845749
 51 0.144452    147 0.387673    243 0.166325    339 0.0928849   435 0.0845749
 52 0.606334    148 0.387673    244 0.166325    340 0.0927841   436 0.0845749
 53 0.64        149 0.387673    245 0.166325    341 0.0926835   437 0.0845749
 54 0.7         150 0.387673    246 0.166325    342 0.0925829   438 0.0845749
 55 0.83        151 0.387673    247 0.166325    343 0.0924825   439 0.0845749
 56 0.959367    152 0.387673    248 0.166325    344 0.0923821   440 0.0845749
 57 0.959041    153 0.387673    249 0.166325    345 0.0922819   441 0.0845749
 58 0.958716    154 0.387673    250 0.166325    346 0.0921818   442 0.0843183
 59 0.958391    155 0.387673    251 0.166325    347 0.0920818   443 0.0828809
 60 0.958066    156 0.387673    252 0.166325    348 0.0919819   444 0.082791
 61 0.957741    157 0.387673    253 0.166325    349 0.0918821   445 0.0827012
 62 0.957417    158 0.387673    254 0.166325    350 0.0917824   446 0.0831024
 63 0.957094    159 0.387673    255 0.166325    351 0.0916828   447 0.0845749
 64 0.95677     160 0.387673    256 0.166325    352 0.0915833   448 0.0845749
 65 0.956447    161 0.387673    257 0.166325    353 0.108606    449 0.0845749
 66 0.956125    162 0.387673    258 0.166325    354 0.108662    450 0.0845749
 67 0.955802    163 0.387673    259 0.166325    355 0.108662    451 0.0845749
 68 0.95548     164 0.387673    260 0.166325    356 0.108662    452 0.0845749
 69 0.955159    165 0.387673    261 0.166325    357 0.108662    453 0.0845749
 70 0.954838    166 0.387673    262 0.166325    358 0.108662    454 0.0845749
 71 0.954517    167 0.387673    263 0.166325    359 0.108662    455 0.0843183
 72 0.954196    168 0.387673    264 0.166325    360 0.108662    456 0.0834236
 73 0.83        169 0.299753    265 0.145046    361 0.096562    457 0.0823061
 74 0.75        170 0.299753    266 0.145046    362 0.096562    458 0.0823061
 75 0.64        171 0.299753    267 0.145046    363 0.096562    459 0.0823061
 76 0.7         172 0.299753    268 0.145046    364 0.096562    460 0.0823061
 77 0.64        173 0.299753    269 0.145046    365 0.096548    461 0.0823061
 78 0.7         174 0.299753    270 0.145046    366 0.0963946   462 0.0823061
 79 0.83        175 0.299753    271 0.145046    367 0.096562    463 0.0821426
 80 0.951973    176 0.299753    272 0.145046    368 0.096562    464 0.0819719
 81 0.951656    177 0.299753    273 0.145046    369 0.096562    465 0.0823061
 82 0.951338    178 0.299753    274 0.145046    370 0.096562    466 0.0821423
 83 0.951021    179 0.299753    275 0.145046    371 0.096562    467 0.08165
 84 0.950704    180 0.299753    276 0.145046    372 0.0964243   468 0.0823061
 85 0.950388    181 0.299753    277 0.145046    373 0.096548    469 0.0823061
 86 0.950072    182 0.299753    278 0.145046    374 0.096562    470 0.0823061
 87 0.949756    183 0.299753    279 0.145046    375 0.096548    471 0.0821423
 88 0.949441    184 0.299753    280 0.145046    376 0.096534    472 0.0816589
 89 0.949125    185 0.299753    281 0.145046    377 0.096548    473 0.0823061
 90 0.948811    186 0.299753    282 0.145046    378 0.096548    474 0.0821423
 91 0.948496    187 0.299753    283 0.145046    379 0.096548    475 0.0823061
 92 0.948182    188 0.299753    284 0.145046    380 0.096548    476 0.0821423
 93 0.947869    189 0.299753    285 0.145046    381 0.096562    477 0.0823061
 94 0.947555    190 0.299753    286 0.145046    382 0.096548    478 0.0821423
 95 0.947242    191 0.299753    287 0.145046    383 0.096562    479 0.0819718
 96 0.94693     192 0.299753    288 0.145046    384 0.0965338   480 0.0823061
;

