Winding,Cooling System,OPS,Oil,Profit
1.0,1.0,1.0,1.0,0.0
1.0,1.0,1.0,0.8,0.0
1.0,1.0,1.0,0.6,0.0
1.0,1.0,1.0,0.4,0.0
1.0,1.0,1.0,0.2,0.0
1.0,1.0,1.0,0.0,0.0
1.0,1.0,0.8,1.0,-1072.7
1.0,1.0,0.8,0.8,-2263.4
1.0,1.0,0.8,0.6,-952.0
1.0,1.0,0.8,0.4,-1046.6
1.0,1.0,0.8,0.2,-946.7
1.0,1.0,0.8,0.0,-952.2
1.0,1.0,0.6,1.0,-1106.6
1.0,1.0,0.6,0.8,-786.0
1.0,1.0,0.6,0.6,-783.4
1.0,1.0,0.6,0.4,-1219.5
1.0,1.0,0.6,0.2,-822.9
1.0,1.0,0.6,0.0,-834.6
1.0,1.0,0.4,1.0,-929.7
1.0,1.0,0.4,0.8,-745.1
1.0,1.0,0.4,0.6,-740.4
1.0,1.0,0.4,0.4,-1176.5
1.0,1.0,0.4,0.2,-832.5
1.0,1.0,0.4,0.0,-884.0
1.0,1.0,0.2,1.0,-952.7
1.0,1.0,0.2,0.8,-995.3
1.0,1.0,0.2,0.6,-1016.3
1.0,1.0,0.2,0.4,-1185.3
1.0,1.0,0.2,0.2,-1229.2
1.0,1.0,0.2,0.0,-1415.8
1.0,1.0,0.0,1.0,-832.7
1.0,1.0,0.0,0.8,-713.2
1.0,1.0,0.0,0.6,-715.5
1.0,1.0,0.0,0.4,-763.8
1.0,1.0,0.0,0.2,-854.1
1.0,1.0,0.0,0.0,-731.9
1.0,0.8,1.0,1.0,-1954.2
1.0,0.8,1.0,0.8,-1954.2
1.0,0.8,1.0,0.6,-1954.2
1.0,0.8,1.0,0.4,-1954.2
1.0,0.8,1.0,0.2,-1954.2
1.0,0.8,1.0,0.0,-1954.2
1.0,0.8,0.8,1.0,-156.2
1.0,0.8,0.8,0.8,-209.2
1.0,0.8,0.8,0.6,-295.8
1.0,0.8,0.8,0.4,-175.4
1.0,0.8,0.8,0.2,-73.5
1.0,0.8,0.8,0.0,-235.2
1.0,0.8,0.6,1.0,-229.0
1.0,0.8,0.6,0.8,-256.1
1.0,0.8,0.6,0.6,-502.7
1.0,0.8,0.6,0.4,35.9
1.0,0.8,0.6,0.2,32.2
1.0,0.8,0.6,0.0,-427.3
1.0,0.8,0.4,1.0,-286.3
1.0,0.8,0.4,0.8,-19.9
1.0,0.8,0.4,0.6,80.1
1.0,0.8,0.4,0.4,-316.8
1.0,0.8,0.4,0.2,62.1
1.0,0.8,0.4,0.0,-374.9
1.0,0.8,0.2,1.0,-148.2
1.0,0.8,0.2,0.8,132.0
1.0,0.8,0.2,0.6,-62.4
1.0,0.8,0.2,0.4,62.6
1.0,0.8,0.2,0.2,151.5
1.0,0.8,0.2,0.0,-89.9
1.0,0.8,0.0,1.0,-19.1
1.0,0.8,0.0,0.8,-417.9
1.0,0.8,0.0,0.6,130.8
1.0,0.8,0.0,0.4,-414.0
1.0,0.8,0.0,0.2,-685.5
1.0,0.8,0.0,0.0,91.7
1.0,0.6,1.0,1.0,-1917.6
1.0,0.6,1.0,0.8,-1917.8
1.0,0.6,1.0,0.6,-1917.8
1.0,0.6,1.0,0.4,-1926.9
1.0,0.6,1.0,0.2,-1917.8
1.0,0.6,1.0,0.0,-1917.8
1.0,0.6,0.8,1.0,-155.1
1.0,0.6,0.8,0.8,-86.8
1.0,0.6,0.8,0.6,-207.2
1.0,0.6,0.8,0.4,-205.7
1.0,0.6,0.8,0.2,-406.3
1.0,0.6,0.8,0.0,-278.2
1.0,0.6,0.6,1.0,-132.1
1.0,0.6,0.6,0.8,-266.9
1.0,0.6,0.6,0.6,-358.9
1.0,0.6,0.6,0.4,-424.3
1.0,0.6,0.6,0.2,119.8
1.0,0.6,0.6,0.0,-375.0
1.0,0.6,0.4,1.0,-333.9
1.0,0.6,0.4,0.8,-182.6
1.0,0.6,0.4,0.6,20.2
1.0,0.6,0.4,0.4,114.0
1.0,0.6,0.4,0.2,-262.7
1.0,0.6,0.4,0.0,100.1
1.0,0.6,0.2,1.0,-82.8
1.0,0.6,0.2,0.8,25.7
1.0,0.6,0.2,0.6,117.5
1.0,0.6,0.2,0.4,-233.5
1.0,0.6,0.2,0.2,-314.7
1.0,0.6,0.2,0.0,-833.7
1.0,0.6,0.0,1.0,-36.1
1.0,0.6,0.0,0.8,11.8
1.0,0.6,0.0,0.6,181.2
1.0,0.6,0.0,0.4,-299.9
1.0,0.6,0.0,0.2,108.6
1.0,0.6,0.0,0.0,120.8
1.0,0.4,1.0,1.0,-1918.0
1.0,0.4,1.0,0.8,-1918.0
1.0,0.4,1.0,0.6,-1918.0
1.0,0.4,1.0,0.4,-1918.0
1.0,0.4,1.0,0.2,-1918.0
1.0,0.4,1.0,0.0,-1918.0
1.0,0.4,0.8,1.0,-170.8
1.0,0.4,0.8,0.8,-428.8
1.0,0.4,0.8,0.6,-296.8
1.0,0.4,0.8,0.4,-38.0
1.0,0.4,0.8,0.2,-290.2
1.0,0.4,0.8,0.0,-195.9
1.0,0.4,0.6,1.0,-284.2
1.0,0.4,0.6,0.8,-313.6
1.0,0.4,0.6,0.6,-313.7
1.0,0.4,0.6,0.4,42.2
1.0,0.4,0.6,0.2,129.9
1.0,0.4,0.6,0.0,39.8
1.0,0.4,0.4,1.0,-90.8
1.0,0.4,0.4,0.8,78.9
1.0,0.4,0.4,0.6,-262.2
1.0,0.4,0.4,0.4,-232.3
1.0,0.4,0.4,0.2,-292.4
1.0,0.4,0.4,0.0,70.4
1.0,0.4,0.2,1.0,-47.0
1.0,0.4,0.2,0.8,-308.8
1.0,0.4,0.2,0.6,-304.2
1.0,0.4,0.2,0.4,-232.6
1.0,0.4,0.2,0.2,84.1
1.0,0.4,0.2,0.0,132.4
1.0,0.4,0.0,1.0,19.4
1.0,0.4,0.0,0.8,-321.7
1.0,0.4,0.0,0.6,-325.2
1.0,0.4,0.0,0.4,-321.7
1.0,0.4,0.0,0.2,-300.6
1.0,0.4,0.0,0.0,50.6
1.0,0.2,1.0,1.0,-1918.4
1.0,0.2,1.0,0.8,-1918.4
1.0,0.2,1.0,0.6,-1918.4
1.0,0.2,1.0,0.4,-1918.4
1.0,0.2,1.0,0.2,-1918.4
1.0,0.2,1.0,0.0,-1918.4
1.0,0.2,0.8,1.0,-161.6
1.0,0.2,0.8,0.8,-379.2
1.0,0.2,0.8,0.6,-126.9
1.0,0.2,0.8,0.4,47.6
1.0,0.2,0.8,0.2,0.9
1.0,0.2,0.8,0.0,-115.8
1.0,0.2,0.6,1.0,-65.0
1.0,0.2,0.6,0.8,80.2
1.0,0.2,0.6,0.6,83.9
1.0,0.2,0.6,0.4,107.6
1.0,0.2,0.6,0.2,105.8
1.0,0.2,0.6,0.0,104.4
1.0,0.2,0.4,1.0,-720.7
1.0,0.2,0.4,0.8,119.3
1.0,0.2,0.4,0.6,107.1
1.0,0.2,0.4,0.4,-498.4
1.0,0.2,0.4,0.2,101.3
1.0,0.2,0.4,0.0,93.0
1.0,0.2,0.2,1.0,-25.0
1.0,0.2,0.2,0.8,-308.7
1.0,0.2,0.2,0.6,101.1
1.0,0.2,0.2,0.4,105.5
1.0,0.2,0.2,0.2,-294.0
1.0,0.2,0.2,0.0,64.9
1.0,0.2,0.0,1.0,79.1
1.0,0.2,0.0,0.8,207.2
1.0,0.2,0.0,0.6,103.9
1.0,0.2,0.0,0.4,162.4
1.0,0.2,0.0,0.2,65.0
1.0,0.2,0.0,0.0,47.9
1.0,0.0,1.0,1.0,-1923.5
1.0,0.0,1.0,0.8,-1923.5
1.0,0.0,1.0,0.6,-1923.5
1.0,0.0,1.0,0.4,-1923.5
1.0,0.0,1.0,0.2,-1923.5
1.0,0.0,1.0,0.0,-1923.5
1.0,0.0,0.8,1.0,-145.0
1.0,0.0,0.8,0.8,45.6
1.0,0.0,0.8,0.6,-17.1
1.0,0.0,0.8,0.4,-105.1
1.0,0.0,0.8,0.2,-58.2
1.0,0.0,0.8,0.0,-85.3
1.0,0.0,0.6,1.0,-253.3
1.0,0.0,0.6,0.8,102.1
1.0,0.0,0.6,0.6,-293.3
1.0,0.0,0.6,0.4,100.4
1.0,0.0,0.6,0.2,-293.5
1.0,0.0,0.6,0.0,-539.4
1.0,0.0,0.4,1.0,-2.9
1.0,0.0,0.4,0.8,101.7
1.0,0.0,0.4,0.6,-85.4
1.0,0.0,0.4,0.4,107.7
1.0,0.0,0.4,0.2,-248.4
1.0,0.0,0.4,0.0,-293.3
1.0,0.0,0.2,1.0,37.0
1.0,0.0,0.2,0.8,58.9
1.0,0.0,0.2,0.6,-294.0
1.0,0.0,0.2,0.4,63.0
1.0,0.0,0.2,0.2,24.3
1.0,0.0,0.2,0.0,-69.4
1.0,0.0,0.0,1.0,66.9
1.0,0.0,0.0,0.8,224.8
1.0,0.0,0.0,0.6,224.0
1.0,0.0,0.0,0.4,221.2
1.0,0.0,0.0,0.2,-79.8
1.0,0.0,0.0,0.0,157.1
0.8,1.0,1.0,1.0,0.0
0.8,1.0,1.0,0.8,0.0
0.8,1.0,1.0,0.6,0.0
0.8,1.0,1.0,0.4,0.0
0.8,1.0,1.0,0.2,0.0
0.8,1.0,1.0,0.0,0.0
0.8,1.0,0.8,1.0,-1235.9
0.8,1.0,0.8,0.8,-2811.6
0.8,1.0,0.8,0.6,-12994.3
0.8,1.0,0.8,0.4,-13180.6
0.8,1.0,0.8,0.2,-13180.6
0.8,1.0,0.8,0.0,-15004.0
0.8,1.0,0.6,1.0,-9557.5
0.8,1.0,0.6,0.8,-12680.3
0.8,1.0,0.6,0.6,-12680.3
0.8,1.0,0.6,0.4,-13057.5
0.8,1.0,0.6,0.2,-12464.9
0.8,1.0,0.6,0.0,-12872.6
0.8,1.0,0.4,1.0,-8392.1
0.8,1.0,0.4,0.8,-13017.2
0.8,1.0,0.4,0.6,-12977.3
0.8,1.0,0.4,0.4,-2720.9
0.8,1.0,0.4,0.2,-2760.7
0.8,1.0,0.4,0.0,-2768.1
0.8,1.0,0.2,1.0,-4987.7
0.8,1.0,0.2,0.8,-12839.6
0.8,1.0,0.2,0.6,-12770.4
0.8,1.0,0.2,0.4,-2680.9
0.8,1.0,0.2,0.2,-2778.2
0.8,1.0,0.2,0.0,-12574.0
0.8,1.0,0.0,1.0,-4216.8
0.8,1.0,0.0,0.8,-14986.2
0.8,1.0,0.0,0.6,-14968.0
0.8,1.0,0.0,0.4,-1190.8
0.8,1.0,0.0,0.2,-1224.5
0.8,1.0,0.0,0.0,-14945.6
0.8,0.8,1.0,1.0,-14997.6
0.8,0.8,1.0,0.8,-14999.2
0.8,0.8,1.0,0.6,-14999.2
0.8,0.8,1.0,0.4,-14999.2
0.8,0.8,1.0,0.2,-14999.2
0.8,0.8,1.0,0.0,-14999.2
0.8,0.8,0.8,1.0,-13275.6
0.8,0.8,0.8,0.8,-2813.6
0.8,0.8,0.8,0.6,-13549.5
0.8,0.8,0.8,0.4,-13549.5
0.8,0.8,0.8,0.2,-13475.5
0.8,0.8,0.8,0.0,-13605.4
0.8,0.8,0.6,1.0,-12101.3
0.8,0.8,0.6,0.8,-13048.9
0.8,0.8,0.6,0.6,-13049.0
0.8,0.8,0.6,0.4,-12830.7
0.8,0.8,0.6,0.2,-12811.1
0.8,0.8,0.6,0.0,-13647.6
0.8,0.8,0.4,1.0,-12332.8
0.8,0.8,0.4,0.8,-12998.3
0.8,0.8,0.4,0.6,-12997.0
0.8,0.8,0.4,0.4,-2722.8
0.8,0.8,0.4,0.2,-2762.8
0.8,0.8,0.4,0.0,-2770.1
0.8,0.8,0.2,1.0,-11906.1
0.8,0.8,0.2,0.8,-13454.4
0.8,0.8,0.2,0.6,-13459.0
0.8,0.8,0.2,0.4,-2714.0
0.8,0.8,0.2,0.2,-2780.2
0.8,0.8,0.2,0.0,-13521.8
0.8,0.8,0.0,1.0,-14939.3
0.8,0.8,0.0,0.8,-14939.2
0.8,0.8,0.0,0.6,-14947.8
0.8,0.8,0.0,0.4,-1178.3
0.8,0.8,0.0,0.2,-1170.3
0.8,0.8,0.0,0.0,-14919.2
0.8,0.6,1.0,1.0,-15005.4
0.8,0.6,1.0,0.8,-15005.4
0.8,0.6,1.0,0.6,-15005.4
0.8,0.6,1.0,0.4,-15005.4
0.8,0.6,1.0,0.2,-15005.4
0.8,0.6,1.0,0.0,-15005.4
0.8,0.6,0.8,1.0,-13137.3
0.8,0.6,0.8,0.8,-2815.6
0.8,0.6,0.8,0.6,-13549.5
0.8,0.6,0.8,0.4,-13501.2
0.8,0.6,0.8,0.2,-13549.5
0.8,0.6,0.8,0.0,-13605.4
0.8,0.6,0.6,1.0,-12175.5
0.8,0.6,0.6,0.8,-13003.4
0.8,0.6,0.6,0.6,-13002.0
0.8,0.6,0.6,0.4,-12741.1
0.8,0.6,0.6,0.2,-12775.0
0.8,0.6,0.6,0.0,-13647.6
0.8,0.6,0.4,1.0,-12195.5
0.8,0.6,0.4,0.8,-12996.0
0.8,0.6,0.4,0.6,-12995.0
0.8,0.6,0.4,0.4,-2764.7
0.8,0.6,0.4,0.2,-2764.8
0.8,0.6,0.4,0.0,-2772.1
0.8,0.6,0.2,1.0,-11966.8
0.8,0.6,0.2,0.8,-13503.3
0.8,0.6,0.2,0.6,-13456.6
0.8,0.6,0.2,0.4,-2716.0
0.8,0.6,0.2,0.2,-2782.2
0.8,0.6,0.2,0.0,-13599.5
0.8,0.6,0.0,1.0,-14942.8
0.8,0.6,0.0,0.8,-14953.2
0.8,0.6,0.0,0.6,-14922.8
0.8,0.6,0.0,0.4,-1178.3
0.8,0.6,0.0,0.2,-1204.5
0.8,0.6,0.0,0.0,-14946.1
0.8,0.4,1.0,1.0,-14988.2
0.8,0.4,1.0,0.8,-14989.5
0.8,0.4,1.0,0.6,-14989.5
0.8,0.4,1.0,0.4,-14989.5
0.8,0.4,1.0,0.2,-14989.5
0.8,0.4,1.0,0.0,-14989.5
0.8,0.4,0.8,1.0,-2758.5
0.8,0.4,0.8,0.8,-2758.6
0.8,0.4,0.8,0.6,-2758.6
0.8,0.4,0.8,0.4,-2758.6
0.8,0.4,0.8,0.2,-2758.6
0.8,0.4,0.8,0.0,-2758.6
0.8,0.4,0.6,1.0,-11924.8
0.8,0.4,0.6,0.8,-12801.2
0.8,0.4,0.6,0.6,-12872.8
0.8,0.4,0.6,0.4,-2765.8
0.8,0.4,0.6,0.2,-2766.4
0.8,0.4,0.6,0.0,-3018.6
0.8,0.4,0.4,1.0,-12289.3
0.8,0.4,0.4,0.8,-13049.0
0.8,0.4,0.4,0.6,-13049.1
0.8,0.4,0.4,0.4,-2766.8
0.8,0.4,0.4,0.2,-2766.8
0.8,0.4,0.4,0.0,-2773.9
0.8,0.4,0.2,1.0,-12042.4
0.8,0.4,0.2,0.8,-13503.4
0.8,0.4,0.2,0.6,-13503.4
0.8,0.4,0.2,0.4,-2718.0
0.8,0.4,0.2,0.2,-2744.3
0.8,0.4,0.2,0.0,-13599.5
0.8,0.4,0.0,1.0,-14946.1
0.8,0.4,0.0,0.8,-14944.2
0.8,0.4,0.0,0.6,-15000.5
0.8,0.4,0.0,0.4,-1178.2
0.8,0.4,0.0,0.2,-1174.6
0.8,0.4,0.0,0.0,-14931.4
0.8,0.2,1.0,1.0,-15001.4
0.8,0.2,1.0,0.8,-15001.4
0.8,0.2,1.0,0.6,-15001.4
0.8,0.2,1.0,0.4,-15001.4
0.8,0.2,1.0,0.2,-15001.4
0.8,0.2,1.0,0.0,-15001.4
0.8,0.2,0.8,1.0,-13133.3
0.8,0.2,0.8,0.8,-2830.6
0.8,0.2,0.8,0.6,-13434.4
0.8,0.2,0.8,0.4,-2759.9
0.8,0.2,0.8,0.2,-2759.9
0.8,0.2,0.8,0.0,-13605.4
0.8,0.2,0.6,1.0,-12175.6
0.8,0.2,0.6,0.8,-13089.0
0.8,0.2,0.6,0.6,-13089.1
0.8,0.2,0.6,0.4,-2780.3
0.8,0.2,0.6,0.2,-2780.9
0.8,0.2,0.6,0.0,-13841.4
0.8,0.2,0.4,1.0,-12383.8
0.8,0.2,0.4,0.8,-13089.0
0.8,0.2,0.4,0.6,-13089.1
0.8,0.2,0.4,0.4,-2781.3
0.8,0.2,0.4,0.2,-2781.3
0.8,0.2,0.4,0.0,-2788.6
0.8,0.2,0.2,1.0,-12259.9
0.8,0.2,0.2,0.8,-13503.4
0.8,0.2,0.2,0.6,-13503.4
0.8,0.2,0.2,0.4,-2735.8
0.8,0.2,0.2,0.2,-2786.2
0.8,0.2,0.2,0.0,-13475.7
0.8,0.2,0.0,1.0,-15023.0
0.8,0.2,0.0,0.8,-14932.9
0.8,0.2,0.0,0.6,-14946.6
0.8,0.2,0.0,0.4,-1186.9
0.8,0.2,0.0,0.2,-1204.4
0.8,0.2,0.0,0.0,-14944.2
0.8,0.0,1.0,1.0,-16315.0
0.8,0.0,1.0,0.8,-16315.0
0.8,0.0,1.0,0.6,-16315.0
0.8,0.0,1.0,0.4,-16315.0
0.8,0.0,1.0,0.2,-16315.0
0.8,0.0,1.0,0.0,-16315.0
0.8,0.0,0.8,1.0,-653.0
0.8,0.0,0.8,0.8,-2352.2
0.8,0.0,0.8,0.6,-1319.9
0.8,0.0,0.8,0.4,-1385.8
0.8,0.0,0.8,0.2,-1417.7
0.8,0.0,0.8,0.0,-916.9
0.8,0.0,0.6,1.0,-15003.8
0.8,0.0,0.6,0.8,-14995.2
0.8,0.0,0.6,0.6,-14966.8
0.8,0.0,0.6,0.4,-1276.6
0.8,0.0,0.6,0.2,-1316.3
0.8,0.0,0.6,0.0,-14962.1
0.8,0.0,0.4,1.0,-15046.2
0.8,0.0,0.4,0.8,-15004.0
0.8,0.0,0.4,0.6,-15012.7
0.8,0.0,0.4,0.4,-2408.6
0.8,0.0,0.4,0.2,-1077.6
0.8,0.0,0.4,0.0,-2435.9
0.8,0.0,0.2,1.0,-14968.3
0.8,0.0,0.2,0.8,-14953.0
0.8,0.0,0.2,0.6,-14971.3
0.8,0.0,0.2,0.4,-2401.5
0.8,0.0,0.2,0.2,-2124.5
0.8,0.0,0.2,0.0,-14991.2
0.8,0.0,0.0,1.0,-14962.2
0.8,0.0,0.0,0.8,-15005.1
0.8,0.0,0.0,0.6,-14558.6
0.8,0.0,0.0,0.4,-230.5
0.8,0.0,0.0,0.2,-239.0
0.8,0.0,0.0,0.0,-14957.7
0.6,1.0,1.0,1.0,0.0
0.6,1.0,1.0,0.8,0.0
0.6,1.0,1.0,0.6,0.0
0.6,1.0,1.0,0.4,0.0
0.6,1.0,1.0,0.2,0.0
0.6,1.0,1.0,0.0,0.0
0.6,1.0,0.8,1.0,-8025.5
0.6,1.0,0.8,0.8,-2807.9
0.6,1.0,0.8,0.6,-13180.6
0.6,1.0,0.8,0.4,-13180.6
0.6,1.0,0.8,0.2,-13180.6
0.6,1.0,0.8,0.0,-13308.1
0.6,1.0,0.6,1.0,-1834.7
0.6,1.0,0.6,0.8,-12680.3
0.6,1.0,0.6,0.6,-12680.3
0.6,1.0,0.6,0.4,-12646.2
0.6,1.0,0.6,0.2,-12649.8
0.6,1.0,0.6,0.0,-12872.6
0.6,1.0,0.4,1.0,-1285.0
0.6,1.0,0.4,0.8,-13017.2
0.6,1.0,0.4,0.6,-12977.3
0.6,1.0,0.4,0.4,-2749.7
0.6,1.0,0.4,0.2,-2749.7
0.6,1.0,0.4,0.0,-2756.9
0.6,1.0,0.2,1.0,-8614.5
0.6,1.0,0.2,0.8,-12716.1
0.6,1.0,0.2,0.6,-12839.6
0.6,1.0,0.2,0.4,-2710.9
0.6,1.0,0.2,0.2,-2774.5
0.6,1.0,0.2,0.0,-12915.6
0.6,1.0,0.0,1.0,-12511.5
0.6,1.0,0.0,0.8,-18000.0
0.6,1.0,0.0,0.6,-18019.2
0.6,1.0,0.0,0.4,-1187.1
0.6,1.0,0.0,0.2,-1220.8
0.6,1.0,0.0,0.0,-18032.8
0.6,0.8,1.0,1.0,-16015.0
0.6,0.8,1.0,0.8,-16015.0
0.6,0.8,1.0,0.6,-16015.0
0.6,0.8,1.0,0.4,-16015.0
0.6,0.8,1.0,0.2,-16015.0
0.6,0.8,1.0,0.0,-16015.0
0.6,0.8,0.8,1.0,-13201.8
0.6,0.8,0.8,0.8,-2809.9
0.6,0.8,0.8,0.6,-13549.5
0.6,0.8,0.8,0.4,-13549.5
0.6,0.8,0.8,0.2,-13549.5
0.6,0.8,0.8,0.0,-13258.6
0.6,0.8,0.6,1.0,-12175.5
0.6,0.8,0.6,0.8,-13048.9
0.6,0.8,0.6,0.6,-13005.2
0.6,0.8,0.6,0.4,-12754.2
0.6,0.8,0.6,0.2,-12782.6
0.6,0.8,0.6,0.0,-13793.6
0.6,0.8,0.4,1.0,-10805.2
0.6,0.8,0.4,0.8,-12958.2
0.6,0.8,0.4,0.6,-13002.2
0.6,0.8,0.4,0.4,-2751.6
0.6,0.8,0.4,0.2,-2751.7
0.6,0.8,0.4,0.0,-2758.9
0.6,0.8,0.2,1.0,-8601.4
0.6,0.8,0.2,0.8,-13451.4
0.6,0.8,0.2,0.6,-13459.5
0.6,0.8,0.2,0.4,-2709.7
0.6,0.8,0.2,0.2,-2776.5
0.6,0.8,0.2,0.0,-13521.8
0.6,0.8,0.0,1.0,-18023.1
0.6,0.8,0.0,0.8,-17724.9
0.6,0.8,0.0,0.6,-17808.7
0.6,0.8,0.0,0.4,-1174.6
0.6,0.8,0.0,0.2,-1198.0
0.6,0.8,0.0,0.0,-17662.1
0.6,0.6,1.0,1.0,-16005.2
0.6,0.6,1.0,0.8,-16005.2
0.6,0.6,1.0,0.6,-16005.2
0.6,0.6,1.0,0.4,-16005.2
0.6,0.6,1.0,0.2,-16005.2
0.6,0.6,1.0,0.0,-16005.2
0.6,0.6,0.8,1.0,-13275.6
0.6,0.6,0.8,0.8,-2811.9
0.6,0.6,0.8,0.6,-13549.5
0.6,0.6,0.8,0.4,-13424.5
0.6,0.6,0.8,0.2,-13504.8
0.6,0.6,0.8,0.0,-13605.4
0.6,0.6,0.6,1.0,-12175.5
0.6,0.6,0.6,0.8,-12997.5
0.6,0.6,0.6,0.6,-12999.5
0.6,0.6,0.6,0.4,-12894.6
0.6,0.6,0.6,0.2,-12775.0
0.6,0.6,0.6,0.0,-13600.2
0.6,0.6,0.4,1.0,-12348.4
0.6,0.6,0.4,0.8,-12999.3
0.6,0.6,0.4,0.6,-12999.7
0.6,0.6,0.4,0.4,-2753.6
0.6,0.6,0.4,0.2,-2753.6
0.6,0.6,0.4,0.0,-2760.9
0.6,0.6,0.2,1.0,-10921.0
0.6,0.6,0.2,0.8,-13503.3
0.6,0.6,0.2,0.6,-13503.3
0.6,0.6,0.2,0.4,-2671.8
0.6,0.6,0.2,0.2,-2778.5
0.6,0.6,0.2,0.0,-13599.5
0.6,0.6,0.0,1.0,-15403.6
0.6,0.6,0.0,0.8,-17788.6
0.6,0.6,0.0,0.6,-15397.6
0.6,0.6,0.0,0.4,-1174.6
0.6,0.6,0.0,0.2,-1200.8
0.6,0.6,0.0,0.0,-17742.7
0.6,0.4,1.0,1.0,-16315.0
0.6,0.4,1.0,0.8,-16315.0
0.6,0.4,1.0,0.6,-16315.0
0.6,0.4,1.0,0.4,-16315.0
0.6,0.4,1.0,0.2,-16315.0
0.6,0.4,1.0,0.0,-16315.0
0.6,0.4,0.8,1.0,-2637.6
0.6,0.4,0.8,0.8,-2717.8
0.6,0.4,0.8,0.6,-2717.8
0.6,0.4,0.8,0.4,-2717.7
0.6,0.4,0.8,0.2,-2717.7
0.6,0.4,0.8,0.0,-2717.7
0.6,0.4,0.6,1.0,-11883.1
0.6,0.4,0.6,0.8,-12662.0
0.6,0.4,0.6,0.6,-12837.2
0.6,0.4,0.6,0.4,-2754.7
0.6,0.4,0.6,0.2,-2755.2
0.6,0.4,0.6,0.0,-3012.7
0.6,0.4,0.4,1.0,-12018.2
0.6,0.4,0.4,0.8,-13007.8
0.6,0.4,0.4,0.6,-13049.1
0.6,0.4,0.4,0.4,-2755.6
0.6,0.4,0.4,0.2,-2755.7
0.6,0.4,0.4,0.0,-2762.9
0.6,0.4,0.2,1.0,-11705.0
0.6,0.4,0.2,0.8,-13465.4
0.6,0.4,0.2,0.6,-13341.2
0.6,0.4,0.2,0.4,-2713.6
0.6,0.4,0.2,0.2,-2780.5
0.6,0.4,0.2,0.0,-13556.5
0.6,0.4,0.0,1.0,-15341.5
0.6,0.4,0.0,0.8,-17788.6
0.6,0.4,0.0,0.6,-17788.6
0.6,0.4,0.0,0.4,-1174.6
0.6,0.4,0.0,0.2,-1200.8
0.6,0.4,0.0,0.0,-15323.5
0.6,0.2,1.0,1.0,-16315.0
0.6,0.2,1.0,0.8,-16315.0
0.6,0.2,1.0,0.6,-16315.0
0.6,0.2,1.0,0.4,-16315.0
0.6,0.2,1.0,0.2,-16315.0
0.6,0.2,1.0,0.0,-16315.0
0.6,0.2,0.8,1.0,-2719.8
0.6,0.2,0.8,0.8,-2719.8
0.6,0.2,0.8,0.6,-2719.8
0.6,0.2,0.8,0.4,-2719.7
0.6,0.2,0.8,0.2,-2719.7
0.6,0.2,0.8,0.0,-2719.7
0.6,0.2,0.6,1.0,-12175.6
0.6,0.2,0.6,0.8,-12910.8
0.6,0.2,0.6,0.6,-13089.1
0.6,0.2,0.6,0.4,-2769.2
0.6,0.2,0.6,0.2,-2769.8
0.6,0.2,0.6,0.0,-13647.6
0.6,0.2,0.4,1.0,-12317.2
0.6,0.2,0.4,0.8,-13089.0
0.6,0.2,0.4,0.6,-12698.7
0.6,0.2,0.4,0.4,-2770.2
0.6,0.2,0.4,0.2,-2770.2
0.6,0.2,0.4,0.0,-2777.5
0.6,0.2,0.2,1.0,-12051.0
0.6,0.2,0.2,0.8,-13457.1
0.6,0.2,0.2,0.6,-13503.4
0.6,0.2,0.2,0.4,-2732.1
0.6,0.2,0.2,0.2,-2782.5
0.6,0.2,0.2,0.0,-13475.9
0.6,0.2,0.0,1.0,-18019.8
0.6,0.2,0.0,0.8,-15405.1
0.6,0.2,0.0,0.6,-17741.6
0.6,0.2,0.0,0.4,-1183.2
0.6,0.2,0.0,0.2,-1197.0
0.6,0.2,0.0,0.0,-17687.8
0.6,0.0,1.0,1.0,-16315.0
0.6,0.0,1.0,0.8,-16315.0
0.6,0.0,1.0,0.6,-16315.0
0.6,0.0,1.0,0.4,-16315.0
0.6,0.0,1.0,0.2,-16315.0
0.6,0.0,1.0,0.0,-16315.0
0.6,0.0,0.8,1.0,-764.8
0.6,0.0,0.8,0.8,-2424.9
0.6,0.0,0.8,0.6,-685.4
0.6,0.0,0.8,0.4,-880.7
0.6,0.0,0.8,0.2,-1071.6
0.6,0.0,0.8,0.0,-1007.4
0.6,0.0,0.6,1.0,-17945.4
0.6,0.0,0.6,0.8,-15355.9
0.6,0.0,0.6,0.6,-15735.3
0.6,0.0,0.6,0.4,-1254.3
0.6,0.0,0.6,0.2,-1293.0
0.6,0.0,0.6,0.0,-15369.3
0.6,0.0,0.4,1.0,-15444.0
0.6,0.0,0.4,0.8,-15539.9
0.6,0.0,0.4,0.6,-17613.1
0.6,0.0,0.4,0.4,-2437.5
0.6,0.0,0.4,0.2,-1385.6
0.6,0.0,0.4,0.0,-2424.8
0.6,0.0,0.2,1.0,-15696.9
0.6,0.0,0.2,0.8,-17685.7
0.6,0.0,0.2,0.6,-17680.1
0.6,0.0,0.2,0.4,-2397.8
0.6,0.0,0.2,0.2,-2120.8
0.6,0.0,0.2,0.0,-17665.8
0.6,0.0,0.0,1.0,-18073.3
0.6,0.0,0.0,0.8,-15422.5
0.6,0.0,0.0,0.6,-18148.8
0.6,0.0,0.0,0.4,-226.8
0.6,0.0,0.0,0.2,-240.8
0.6,0.0,0.0,0.0,-15746.6
0.4,1.0,1.0,1.0,0.0
0.4,1.0,1.0,0.8,0.0
0.4,1.0,1.0,0.6,0.0
0.4,1.0,1.0,0.4,0.0
0.4,1.0,1.0,0.2,0.0
0.4,1.0,1.0,0.0,0.0
0.4,1.0,0.8,1.0,-1062.2
0.4,1.0,0.8,0.8,-2804.2
0.4,1.0,0.8,0.6,-13180.6
0.4,1.0,0.8,0.4,-13180.6
0.4,1.0,0.8,0.2,-13180.6
0.4,1.0,0.8,0.0,-13497.8
0.4,1.0,0.6,1.0,-7471.4
0.4,1.0,0.6,0.8,-13030.0
0.4,1.0,0.6,0.6,-12680.3
0.4,1.0,0.6,0.4,-12680.4
0.4,1.0,0.6,0.2,-12652.0
0.4,1.0,0.6,0.0,-1358.4
0.4,1.0,0.4,1.0,-1484.5
0.4,1.0,0.4,0.8,-2752.6
0.4,1.0,0.4,0.6,-2712.7
0.4,1.0,0.4,0.4,-2738.5
0.4,1.0,0.4,0.2,-2738.6
0.4,1.0,0.4,0.0,-2745.8
0.4,1.0,0.2,1.0,-1397.3
0.4,1.0,0.2,0.8,-12799.6
0.4,1.0,0.2,0.6,-12799.6
0.4,1.0,0.2,0.4,-2707.2
0.4,1.0,0.2,0.2,-2723.3
0.4,1.0,0.2,0.0,-13259.6
0.4,1.0,0.0,1.0,-1367.0
0.4,1.0,0.0,0.8,-17718.7
0.4,1.0,0.0,0.6,-17718.7
0.4,1.0,0.0,0.4,-1183.3
0.4,1.0,0.0,0.2,-1199.7
0.4,1.0,0.0,0.0,-17714.8
0.4,0.8,1.0,1.0,-16661.0
0.4,0.8,1.0,0.8,-16661.0
0.4,0.8,1.0,0.6,-16661.0
0.4,0.8,1.0,0.4,-16661.0
0.4,0.8,1.0,0.2,-16661.0
0.4,0.8,1.0,0.0,-16661.0
0.4,0.8,0.8,1.0,-13275.6
0.4,0.8,0.8,0.8,-2806.2
0.4,0.8,0.8,0.6,-13549.5
0.4,0.8,0.8,0.4,-13459.6
0.4,0.8,0.8,0.2,-13460.9
0.4,0.8,0.8,0.0,-13605.4
0.4,0.8,0.6,1.0,-12175.5
0.4,0.8,0.6,0.8,-13088.9
0.4,0.8,0.6,0.6,-13089.0
0.4,0.8,0.6,0.4,-12849.2
0.4,0.8,0.6,0.2,-12842.4
0.4,0.8,0.6,0.0,-13647.6
0.4,0.8,0.4,1.0,-1953.8
0.4,0.8,0.4,0.8,-2674.5
0.4,0.8,0.4,0.6,-2754.6
0.4,0.8,0.4,0.4,-2740.5
0.4,0.8,0.4,0.2,-2740.5
0.4,0.8,0.4,0.0,-2754.5
0.4,0.8,0.2,1.0,-12062.8
0.4,0.8,0.2,0.8,-12856.4
0.4,0.8,0.2,0.6,-12903.3
0.4,0.8,0.2,0.4,-2706.0
0.4,0.8,0.2,0.2,-2722.5
0.4,0.8,0.2,0.0,-1020.6
0.4,0.8,0.0,1.0,-17612.9
0.4,0.8,0.0,0.8,-17718.5
0.4,0.8,0.0,0.6,-17663.5
0.4,0.8,0.0,0.4,-1163.1
0.4,0.8,0.0,0.2,-1179.5
0.4,0.8,0.0,0.0,-17672.0
0.4,0.6,1.0,1.0,-16661.0
0.4,0.6,1.0,0.8,-16661.0
0.4,0.6,1.0,0.6,-16661.0
0.4,0.6,1.0,0.4,-16661.0
0.4,0.6,1.0,0.2,-16661.0
0.4,0.6,1.0,0.0,-16661.0
0.4,0.6,0.8,1.0,-13241.0
0.4,0.6,0.8,0.8,-2808.2
0.4,0.6,0.8,0.6,-13503.1
0.4,0.6,0.8,0.4,-13368.7
0.4,0.6,0.8,0.2,-12864.5
0.4,0.6,0.8,0.0,-13486.8
0.4,0.6,0.6,1.0,-11814.8
0.4,0.6,0.6,0.8,-13088.9
0.4,0.6,0.6,0.6,-13089.0
0.4,0.6,0.6,0.4,-12872.9
0.4,0.6,0.6,0.2,-12895.3
0.4,0.6,0.6,0.0,-13555.7
0.4,0.6,0.4,1.0,-2681.2
0.4,0.6,0.4,0.8,-2716.6
0.4,0.6,0.4,0.6,-2716.6
0.4,0.6,0.4,0.4,-2742.5
0.4,0.6,0.4,0.2,-2742.5
0.4,0.6,0.4,0.0,-2756.4
0.4,0.6,0.2,1.0,-10918.4
0.4,0.6,0.2,0.8,-13460.9
0.4,0.6,0.2,0.6,-13462.6
0.4,0.6,0.2,0.4,-2707.9
0.4,0.6,0.2,0.2,-2724.5
0.4,0.6,0.2,0.0,-12955.6
0.4,0.6,0.0,1.0,-17734.0
0.4,0.6,0.0,0.8,-17788.6
0.4,0.6,0.0,0.6,-17678.8
0.4,0.6,0.0,0.4,-1163.1
0.4,0.6,0.0,0.2,-1179.5
0.4,0.6,0.0,0.0,-17687.5
0.4,0.4,1.0,1.0,-16661.0
0.4,0.4,1.0,0.8,-16661.0
0.4,0.4,1.0,0.6,-16661.0
0.4,0.4,1.0,0.4,-16661.0
0.4,0.4,1.0,0.2,-16661.0
0.4,0.4,1.0,0.0,-16661.0
0.4,0.4,0.8,1.0,-2697.6
0.4,0.4,0.8,0.8,-2697.6
0.4,0.4,0.8,0.6,-2697.6
0.4,0.4,0.8,0.4,-2676.3
0.4,0.4,0.8,0.2,-2676.3
0.4,0.4,0.8,0.0,-2697.5
0.4,0.4,0.6,1.0,-2523.2
0.4,0.4,0.6,0.8,-2723.3
0.4,0.4,0.6,0.6,-2683.5
0.4,0.4,0.6,0.4,-2682.7
0.4,0.4,0.6,0.2,-2695.8
0.4,0.4,0.6,0.0,-2750.4
0.4,0.4,0.4,1.0,-2603.2
0.4,0.4,0.4,0.8,-2678.6
0.4,0.4,0.4,0.6,-2758.6
0.4,0.4,0.4,0.4,-2744.5
0.4,0.4,0.4,0.2,-2744.5
0.4,0.4,0.4,0.0,-2758.5
0.4,0.4,0.2,1.0,-11446.9
0.4,0.4,0.2,0.8,-13322.6
0.4,0.4,0.2,0.6,-13249.4
0.4,0.4,0.2,0.4,-2710.0
0.4,0.4,0.2,0.2,-2726.4
0.4,0.4,0.2,0.0,-12657.2
0.4,0.4,0.0,1.0,-17666.0
0.4,0.4,0.0,0.8,-17692.6
0.4,0.4,0.0,0.6,-17670.0
0.4,0.4,0.0,0.4,-1163.0
0.4,0.4,0.0,0.2,-1179.5
0.4,0.4,0.0,0.0,-18106.0
0.4,0.2,1.0,1.0,-16661.0
0.4,0.2,1.0,0.8,-16661.0
0.4,0.2,1.0,0.6,-16661.0
0.4,0.2,1.0,0.4,-16661.0
0.4,0.2,1.0,0.2,-16661.0
0.4,0.2,1.0,0.0,-16661.0
0.4,0.2,0.8,1.0,-2659.0
0.4,0.2,0.8,0.8,-2699.6
0.4,0.2,0.8,0.6,-2699.6
0.4,0.2,0.8,0.4,-2678.3
0.4,0.2,0.8,0.2,-2678.3
0.4,0.2,0.8,0.0,-2699.5
0.4,0.2,0.6,1.0,-2525.2
0.4,0.2,0.6,0.8,-2725.4
0.4,0.2,0.6,0.6,-2685.6
0.4,0.2,0.6,0.4,-2710.3
0.4,0.2,0.6,0.2,-2710.4
0.4,0.2,0.6,0.0,-2707.4
0.4,0.2,0.4,1.0,-2605.2
0.4,0.2,0.4,0.8,-2765.5
0.4,0.2,0.4,0.6,-2764.0
0.4,0.2,0.4,0.4,-2759.1
0.4,0.2,0.4,0.2,-2759.1
0.4,0.2,0.4,0.0,-2764.2
0.4,0.2,0.2,1.0,-12224.8
0.4,0.2,0.2,0.8,-13336.8
0.4,0.2,0.2,0.6,-13105.1
0.4,0.2,0.2,0.4,-2728.4
0.4,0.2,0.2,0.2,-2728.4
0.4,0.2,0.2,0.0,-12657.2
0.4,0.2,0.0,1.0,-17666.0
0.4,0.2,0.0,0.8,-17672.6
0.4,0.2,0.0,0.6,-17660.5
0.4,0.2,0.0,0.4,-1179.5
0.4,0.2,0.0,0.2,-1179.5
0.4,0.2,0.0,0.0,-17686.9
0.4,0.0,1.0,1.0,-16662.4
0.4,0.0,1.0,0.8,-16662.4
0.4,0.0,1.0,0.6,-16662.4
0.4,0.0,1.0,0.4,-16662.4
0.4,0.0,1.0,0.2,-16662.4
0.4,0.0,1.0,0.0,-16662.4
0.4,0.0,0.8,1.0,-815.5
0.4,0.0,0.8,0.8,-1556.6
0.4,0.0,0.8,0.6,-1264.0
0.4,0.0,0.8,0.4,-841.0
0.4,0.0,0.8,0.2,-1602.1
0.4,0.0,0.8,0.0,-1675.8
0.4,0.0,0.6,1.0,-1385.5
0.4,0.0,0.6,0.8,-1259.7
0.4,0.0,0.6,0.6,-1501.1
0.4,0.0,0.6,0.4,-1142.8
0.4,0.0,0.6,0.2,-1398.2
0.4,0.0,0.6,0.0,-1574.0
0.4,0.0,0.4,1.0,-1409.2
0.4,0.0,0.4,0.8,-2445.5
0.4,0.0,0.4,0.6,-2205.5
0.4,0.0,0.4,0.4,-2388.2
0.4,0.0,0.4,0.2,-2366.5
0.4,0.0,0.4,0.0,-2162.5
0.4,0.0,0.2,1.0,-17671.0
0.4,0.0,0.2,0.8,-17625.7
0.4,0.0,0.2,0.6,-17653.8
0.4,0.0,0.2,0.4,-1185.1
0.4,0.0,0.2,0.2,-1957.6
0.4,0.0,0.2,0.0,-17679.0
0.4,0.0,0.0,1.0,-18073.3
0.4,0.0,0.0,0.8,-18148.8
0.4,0.0,0.0,0.6,-18107.4
0.4,0.0,0.0,0.4,-237.6
0.4,0.0,0.0,0.2,-226.4
0.4,0.0,0.0,0.0,-17670.1
0.2,1.0,1.0,1.0,0.0
0.2,1.0,1.0,0.8,0.0
0.2,1.0,1.0,0.6,0.0
0.2,1.0,1.0,0.4,0.0
0.2,1.0,1.0,0.2,0.0
0.2,1.0,1.0,0.0,0.0
0.2,1.0,0.8,1.0,-12304.5
0.2,1.0,0.8,0.8,-2800.5
0.2,1.0,0.8,0.6,-13180.5
0.2,1.0,0.8,0.4,-13180.5
0.2,1.0,0.8,0.2,-13180.5
0.2,1.0,0.8,0.0,-12288.8
0.2,1.0,0.6,1.0,-8279.6
0.2,1.0,0.6,0.8,-12720.6
0.2,1.0,0.6,0.6,-12720.6
0.2,1.0,0.6,0.4,-12720.6
0.2,1.0,0.6,0.2,-12720.6
0.2,1.0,0.6,0.0,-11116.5
0.2,1.0,0.4,1.0,-1553.0
0.2,1.0,0.4,0.8,-2712.7
0.2,1.0,0.4,0.6,-2752.7
0.2,1.0,0.4,0.4,-2727.4
0.2,1.0,0.4,0.2,-2727.4
0.2,1.0,0.4,0.0,-2734.7
0.2,1.0,0.2,1.0,-1087.2
0.2,1.0,0.2,0.8,-12799.6
0.2,1.0,0.2,0.6,-12799.6
0.2,1.0,0.2,0.4,-2700.4
0.2,1.0,0.2,0.2,-2716.8
0.2,1.0,0.2,0.0,-12015.6
0.2,1.0,0.0,1.0,-5907.2
0.2,1.0,0.0,0.8,-17718.7
0.2,1.0,0.0,0.6,-17718.7
0.2,1.0,0.0,0.4,-1179.4
0.2,1.0,0.0,0.2,-1197.6
0.2,1.0,0.0,0.0,-17648.3
0.2,0.8,1.0,1.0,-15275.1
0.2,0.8,1.0,0.8,-17564.0
0.2,0.8,1.0,0.6,-17564.0
0.2,0.8,1.0,0.4,-17564.0
0.2,0.8,1.0,0.2,-17564.0
0.2,0.8,1.0,0.0,-17564.0
0.2,0.8,0.8,1.0,-13234.4
0.2,0.8,0.8,0.8,-2802.5
0.2,0.8,0.8,0.6,-13203.5
0.2,0.8,0.8,0.4,-13446.1
0.2,0.8,0.8,0.2,-13500.2
0.2,0.8,0.8,0.0,-12705.4
0.2,0.8,0.6,1.0,-12175.5
0.2,0.8,0.6,0.8,-13169.3
0.2,0.8,0.6,0.6,-13169.3
0.2,0.8,0.6,0.4,-12910.7
0.2,0.8,0.6,0.2,-12921.3
0.2,0.8,0.6,0.0,-11150.3
0.2,0.8,0.4,1.0,-2058.4
0.2,0.8,0.4,0.8,-2714.4
0.2,0.8,0.4,0.6,-2754.6
0.2,0.8,0.4,0.4,-2729.4
0.2,0.8,0.4,0.2,-2729.4
0.2,0.8,0.4,0.0,-2754.4
0.2,0.8,0.2,1.0,-12192.8
0.2,0.8,0.2,0.8,-13243.3
0.2,0.8,0.2,0.6,-13243.3
0.2,0.8,0.2,0.4,-2702.3
0.2,0.8,0.2,0.2,-2718.8
0.2,0.8,0.2,0.0,-11722.4
0.2,0.8,0.0,1.0,-17734.0
0.2,0.8,0.0,0.8,-17662.3
0.2,0.8,0.0,0.6,-17678.5
0.2,0.8,0.0,0.4,-1159.4
0.2,0.8,0.0,0.2,-1197.6
0.2,0.8,0.0,0.0,-17716.5
0.2,0.6,1.0,1.0,-17564.0
0.2,0.6,1.0,0.8,-17564.0
0.2,0.6,1.0,0.6,-17564.0
0.2,0.6,1.0,0.4,-17564.0
0.2,0.6,1.0,0.2,-17564.0
0.2,0.6,1.0,0.0,-17564.0
0.2,0.6,0.8,1.0,-13275.6
0.2,0.6,0.8,0.8,-2760.5
0.2,0.6,0.8,0.6,-13549.5
0.2,0.6,0.8,0.4,-13447.2
0.2,0.6,0.8,0.2,-13444.3
0.2,0.6,0.8,0.0,-12590.3
0.2,0.6,0.6,1.0,-12175.5
0.2,0.6,0.6,0.8,-13082.2
0.2,0.6,0.6,0.6,-13129.3
0.2,0.6,0.6,0.4,-12946.5
0.2,0.6,0.6,0.2,-12887.5
0.2,0.6,0.6,0.0,-11503.6
0.2,0.6,0.4,1.0,-2756.6
0.2,0.6,0.4,0.8,-2756.5
0.2,0.6,0.4,0.6,-2716.5
0.2,0.6,0.4,0.4,-2731.4
0.2,0.6,0.4,0.2,-2731.4
0.2,0.6,0.4,0.0,-2756.5
0.2,0.6,0.2,1.0,-11736.9
0.2,0.6,0.2,0.8,-13503.3
0.2,0.6,0.2,0.6,-13458.2
0.2,0.6,0.2,0.4,-2704.3
0.2,0.6,0.2,0.2,-2720.8
0.2,0.6,0.2,0.0,-11906.1
0.2,0.6,0.0,1.0,-17612.9
0.2,0.6,0.0,0.8,-17745.5
0.2,0.6,0.0,0.6,-17703.7
0.2,0.6,0.0,0.4,-1159.4
0.2,0.6,0.0,0.2,-1177.6
0.2,0.6,0.0,0.0,-17634.2
0.2,0.4,1.0,1.0,-16908.7
0.2,0.4,1.0,0.8,-16908.7
0.2,0.4,1.0,0.6,-16908.7
0.2,0.4,1.0,0.4,-16908.7
0.2,0.4,1.0,0.2,-16908.7
0.2,0.4,1.0,0.0,-16908.7
0.2,0.4,0.8,1.0,-2697.6
0.2,0.4,0.8,0.8,-2697.6
0.2,0.4,0.8,0.6,-2697.6
0.2,0.4,0.8,0.4,-2635.4
0.2,0.4,0.8,0.2,-2635.5
0.2,0.4,0.8,0.0,-2697.5
0.2,0.4,0.6,1.0,-2638.5
0.2,0.4,0.6,0.8,-2758.6
0.2,0.4,0.6,0.6,-2758.5
0.2,0.4,0.6,0.4,-2733.0
0.2,0.4,0.6,0.2,-2733.0
0.2,0.4,0.6,0.0,-2758.5
0.2,0.4,0.4,1.0,-1838.0
0.2,0.4,0.4,0.8,-2758.5
0.2,0.4,0.4,0.6,-2758.3
0.2,0.4,0.4,0.4,-2733.4
0.2,0.4,0.4,0.2,-2733.4
0.2,0.4,0.4,0.0,-2758.5
0.2,0.4,0.2,1.0,-11868.2
0.2,0.4,0.2,0.8,-13452.3
0.2,0.4,0.2,0.6,-13503.4
0.2,0.4,0.2,0.4,-2705.9
0.2,0.4,0.2,0.2,-2722.6
0.2,0.4,0.2,0.0,-11722.4
0.2,0.4,0.0,1.0,-17734.0
0.2,0.4,0.0,0.8,-17745.4
0.2,0.4,0.0,0.6,-17743.4
0.2,0.4,0.0,0.4,-1159.4
0.2,0.4,0.0,0.2,-1197.6
0.2,0.4,0.0,0.0,-17804.8
0.2,0.2,1.0,1.0,-17564.0
0.2,0.2,1.0,0.8,-17564.0
0.2,0.2,1.0,0.6,-17564.0
0.2,0.2,1.0,0.4,-17564.0
0.2,0.2,1.0,0.2,-17564.0
0.2,0.2,1.0,0.0,-17564.0
0.2,0.2,0.8,1.0,-2659.6
0.2,0.2,0.8,0.8,-2699.6
0.2,0.2,0.8,0.6,-2699.6
0.2,0.2,0.8,0.4,-2637.4
0.2,0.2,0.8,0.2,-2637.5
0.2,0.2,0.8,0.0,-2699.5
0.2,0.2,0.6,1.0,-2484.1
0.2,0.2,0.6,0.8,-2725.5
0.2,0.2,0.6,0.6,-2765.5
0.2,0.2,0.6,0.4,-2747.5
0.2,0.2,0.6,0.2,-2747.5
0.2,0.2,0.6,0.0,-2764.2
0.2,0.2,0.4,1.0,-2564.2
0.2,0.2,0.4,0.8,-2765.3
0.2,0.2,0.4,0.6,-2765.6
0.2,0.2,0.4,0.4,-2747.9
0.2,0.2,0.4,0.2,-2747.9
0.2,0.2,0.4,0.0,-2764.2
0.2,0.2,0.2,1.0,-12087.9
0.2,0.2,0.2,0.8,-13503.4
0.2,0.2,0.2,0.6,-13503.4
0.2,0.2,0.2,0.4,-2724.7
0.2,0.2,0.2,0.2,-2684.8
0.2,0.2,0.2,0.0,-11969.1
0.2,0.2,0.0,1.0,-17623.8
0.2,0.2,0.0,0.8,-17743.1
0.2,0.2,0.0,0.6,-17768.4
0.2,0.2,0.0,0.4,-1176.1
0.2,0.2,0.0,0.2,-1177.6
0.2,0.2,0.0,0.0,-17719.1
0.2,0.0,1.0,1.0,-17564.0
0.2,0.0,1.0,0.8,-17564.0
0.2,0.0,1.0,0.6,-17564.0
0.2,0.0,1.0,0.4,-17564.0
0.2,0.0,1.0,0.2,-17564.0
0.2,0.0,1.0,0.0,-17564.0
0.2,0.0,0.8,1.0,-915.5
0.2,0.0,0.8,0.8,-1394.0
0.2,0.0,0.8,0.6,-1529.9
0.2,0.0,0.8,0.4,-1296.3
0.2,0.0,0.8,0.2,-1020.9
0.2,0.0,0.8,0.0,-1190.5
0.2,0.0,0.6,1.0,-995.8
0.2,0.0,0.6,0.8,-2266.5
0.2,0.0,0.6,0.6,-2466.6
0.2,0.0,0.6,0.4,-2463.5
0.2,0.0,0.6,0.2,-2321.6
0.2,0.0,0.6,0.0,-2480.8
0.2,0.0,0.4,1.0,-766.4
0.2,0.0,0.4,0.8,-2392.8
0.2,0.0,0.4,0.6,-2432.9
0.2,0.0,0.4,0.4,-2432.8
0.2,0.0,0.4,0.2,-2432.8
0.2,0.0,0.4,0.0,-2440.9
0.2,0.0,0.2,1.0,-17566.5
0.2,0.0,0.2,0.8,-17654.5
0.2,0.0,0.2,0.6,-17685.5
0.2,0.0,0.2,0.4,-2114.4
0.2,0.0,0.2,0.2,-2116.8
0.2,0.0,0.2,0.0,-17327.6
0.2,0.0,0.0,1.0,-18014.1
0.2,0.0,0.0,0.8,-17723.7
0.2,0.0,0.0,0.6,-17635.5
0.2,0.0,0.0,0.4,-233.9
0.2,0.0,0.0,0.2,-220.0
0.2,0.0,0.0,0.0,-18062.9
0.0,1.0,1.0,1.0,0.0
0.0,1.0,1.0,0.8,0.0
0.0,1.0,1.0,0.6,0.0
0.0,1.0,1.0,0.4,0.0
0.0,1.0,1.0,0.2,0.0
0.0,1.0,1.0,0.0,0.0
0.0,1.0,0.8,1.0,-1677.9
0.0,1.0,0.8,0.8,-1857.8
0.0,1.0,0.8,0.6,-1827.3
0.0,1.0,0.8,0.4,-1707.2
0.0,1.0,0.8,0.2,-1367.1
0.0,1.0,0.8,0.0,-1810.8
0.0,1.0,0.6,1.0,-1760.5
0.0,1.0,0.6,0.8,-1889.8
0.0,1.0,0.6,0.6,-734.0
0.0,1.0,0.6,0.4,-2147.5
0.0,1.0,0.6,0.2,-1954.8
0.0,1.0,0.6,0.0,-1391.5
0.0,1.0,0.4,1.0,-1942.8
0.0,1.0,0.4,0.8,-1770.4
0.0,1.0,0.4,0.6,-2024.9
0.0,1.0,0.4,0.4,-1891.3
0.0,1.0,0.4,0.2,-1847.3
0.0,1.0,0.4,0.0,-1661.0
0.0,1.0,0.2,1.0,-1405.4
0.0,1.0,0.2,0.8,-1655.7
0.0,1.0,0.2,0.6,-1675.9
0.0,1.0,0.2,0.4,-1669.3
0.0,1.0,0.2,0.2,-1757.1
0.0,1.0,0.2,0.0,-1579.8
0.0,1.0,0.0,1.0,-1143.4
0.0,1.0,0.0,0.8,-1033.9
0.0,1.0,0.0,0.6,-1039.7
0.0,1.0,0.0,0.4,-1446.5
0.0,1.0,0.0,0.2,-1474.8
0.0,1.0,0.0,0.0,-1234.8
0.0,0.8,1.0,1.0,-2685.0
0.0,0.8,1.0,0.8,-2685.0
0.0,0.8,1.0,0.6,-2685.0
0.0,0.8,1.0,0.4,-2685.0
0.0,0.8,1.0,0.2,-2685.0
0.0,0.8,1.0,0.0,-2685.0
0.0,0.8,0.8,1.0,-1672.3
0.0,0.8,0.8,0.8,-1814.8
0.0,0.8,0.8,0.6,-1726.2
0.0,0.8,0.8,0.4,-1712.4
0.0,0.8,0.8,0.2,-1894.8
0.0,0.8,0.8,0.0,-1658.1
0.0,0.8,0.6,1.0,-1586.6
0.0,0.8,0.6,0.8,-1627.5
0.0,0.8,0.6,0.6,-1271.1
0.0,0.8,0.6,0.4,-2065.7
0.0,0.8,0.6,0.2,-1775.6
0.0,0.8,0.6,0.0,-2439.8
0.0,0.8,0.4,1.0,-1702.0
0.0,0.8,0.4,0.8,-1916.1
0.0,0.8,0.4,0.6,-1710.3
0.0,0.8,0.4,0.4,-1510.7
0.0,0.8,0.4,0.2,-1336.1
0.0,0.8,0.4,0.0,-1326.1
0.0,0.8,0.2,1.0,-1561.1
0.0,0.8,0.2,0.8,-1903.6
0.0,0.8,0.2,0.6,-1798.4
0.0,0.8,0.2,0.4,-1786.9
0.0,0.8,0.2,0.2,-1729.6
0.0,0.8,0.2,0.0,-1702.8
0.0,0.8,0.0,1.0,-804.4
0.0,0.8,0.0,0.8,-453.1
0.0,0.8,0.0,0.6,-447.5
0.0,0.8,0.0,0.4,-1420.7
0.0,0.8,0.0,0.2,-1454.8
0.0,0.8,0.0,0.0,-1262.8
0.0,0.6,1.0,1.0,-3259.9
0.0,0.6,1.0,0.8,-3259.9
0.0,0.6,1.0,0.6,-3259.9
0.0,0.6,1.0,0.4,-3259.9
0.0,0.6,1.0,0.2,-3259.9
0.0,0.6,1.0,0.0,-3259.9
0.0,0.6,0.8,1.0,-1738.8
0.0,0.6,0.8,0.8,-1974.8
0.0,0.6,0.8,0.6,-1734.7
0.0,0.6,0.8,0.4,-1595.9
0.0,0.6,0.8,0.2,-1854.8
0.0,0.6,0.8,0.0,-1195.7
0.0,0.6,0.6,1.0,-1843.1
0.0,0.6,0.6,0.8,-1631.7
0.0,0.6,0.6,0.6,-1875.7
0.0,0.6,0.6,0.4,-1810.7
0.0,0.6,0.6,0.2,-1735.5
0.0,0.6,0.6,0.0,-1647.4
0.0,0.6,0.4,1.0,-1884.0
0.0,0.6,0.4,0.8,-1734.8
0.0,0.6,0.4,0.6,-2182.4
0.0,0.6,0.4,0.4,-1661.2
0.0,0.6,0.4,0.2,-1558.5
0.0,0.6,0.4,0.0,-1883.7
0.0,0.6,0.2,1.0,-1689.5
0.0,0.6,0.2,0.8,-1148.9
0.0,0.6,0.2,0.6,-1906.1
0.0,0.6,0.2,0.4,-1833.6
0.0,0.6,0.2,0.2,-1936.0
0.0,0.6,0.2,0.0,-1186.3
0.0,0.6,0.0,1.0,-1458.8
0.0,0.6,0.0,0.8,-429.5
0.0,0.6,0.0,0.6,-426.9
0.0,0.6,0.0,0.4,-1454.8
0.0,0.6,0.0,0.2,-1454.8
0.0,0.6,0.0,0.0,-1216.6
0.0,0.4,1.0,1.0,-3399.9
0.0,0.4,1.0,0.8,-3332.0
0.0,0.4,1.0,0.6,-3332.0
0.0,0.4,1.0,0.4,-3332.0
0.0,0.4,1.0,0.2,-3332.0
0.0,0.4,1.0,0.0,-3332.0
0.0,0.4,0.8,1.0,-1363.2
0.0,0.4,0.8,0.8,-1623.0
0.0,0.4,0.8,0.6,-1511.1
0.0,0.4,0.8,0.4,-1708.0
0.0,0.4,0.8,0.2,-1821.5
0.0,0.4,0.8,0.0,-1759.2
0.0,0.4,0.6,1.0,-1963.4
0.0,0.4,0.6,0.8,-2176.3
0.0,0.4,0.6,0.6,-2174.8
0.0,0.4,0.6,0.4,-1950.2
0.0,0.4,0.6,0.2,-2214.8
0.0,0.4,0.6,0.0,-2214.7
0.0,0.4,0.4,1.0,-1837.3
0.0,0.4,0.4,0.8,-2020.3
0.0,0.4,0.4,0.6,-1866.7
0.0,0.4,0.4,0.4,-1938.3
0.0,0.4,0.4,0.2,-2079.5
0.0,0.4,0.4,0.0,-1199.7
0.0,0.4,0.2,1.0,-1645.9
0.0,0.4,0.2,0.8,-2046.6
0.0,0.4,0.2,0.6,-1518.9
0.0,0.4,0.2,0.4,-1998.1
0.0,0.4,0.2,0.2,-2256.8
0.0,0.4,0.2,0.0,-1790.8
0.0,0.4,0.0,1.0,-826.2
0.0,0.4,0.0,0.8,-1398.9
0.0,0.4,0.0,0.6,-1398.9
0.0,0.4,0.0,0.4,-1414.3
0.0,0.4,0.0,0.2,-1454.8
0.0,0.4,0.0,0.0,-1262.8
0.0,0.2,1.0,1.0,-2899.1
0.0,0.2,1.0,0.8,-2899.1
0.0,0.2,1.0,0.6,-2899.1
0.0,0.2,1.0,0.4,-2899.1
0.0,0.2,1.0,0.2,-2899.1
0.0,0.2,1.0,0.0,-2899.1
0.0,0.2,0.8,1.0,-1337.1
0.0,0.2,0.8,0.8,-2137.6
0.0,0.2,0.8,0.6,-1782.9
0.0,0.2,0.8,0.4,-1135.9
0.0,0.2,0.8,0.2,-1533.4
0.0,0.2,0.8,0.0,-1247.6
0.0,0.2,0.6,1.0,-1757.7
0.0,0.2,0.6,0.8,-1860.8
0.0,0.2,0.6,0.6,-1936.3
0.0,0.2,0.6,0.4,-1418.3
0.0,0.2,0.6,0.2,-2017.7
0.0,0.2,0.6,0.0,-1337.5
0.0,0.2,0.4,1.0,-1845.2
0.0,0.2,0.4,0.8,-1783.6
0.0,0.2,0.4,0.6,-1936.6
0.0,0.2,0.4,0.4,-1842.8
0.0,0.2,0.4,0.2,-1695.1
0.0,0.2,0.4,0.0,-1658.8
0.0,0.2,0.2,1.0,-1813.8
0.0,0.2,0.2,0.8,-1712.7
0.0,0.2,0.2,0.6,-1595.1
0.0,0.2,0.2,0.4,-2040.7
0.0,0.2,0.2,0.2,-2145.7
0.0,0.2,0.2,0.0,-1416.1
0.0,0.2,0.0,1.0,-213.7
0.0,0.2,0.0,0.8,-1400.3
0.0,0.2,0.0,0.6,-1424.0
0.0,0.2,0.0,0.4,-1425.4
0.0,0.2,0.0,0.2,-1455.2
0.0,0.2,0.0,0.0,-1217.0
0.0,0.0,1.0,1.0,-2396.8
0.0,0.0,1.0,0.8,-2403.8
0.0,0.0,1.0,0.6,-2403.8
0.0,0.0,1.0,0.4,-2403.8
0.0,0.0,1.0,0.2,-2403.8
0.0,0.0,1.0,0.0,-2403.8
0.0,0.0,0.8,1.0,-858.8
0.0,0.0,0.8,0.8,-849.0
0.0,0.0,0.8,0.6,-894.8
0.0,0.0,0.8,0.4,-804.5
0.0,0.0,0.8,0.2,-774.1
0.0,0.0,0.8,0.0,-663.3
0.0,0.0,0.6,1.0,-564.4
0.0,0.0,0.6,0.8,-750.5
0.0,0.0,0.6,0.6,-779.9
0.0,0.0,0.6,0.4,-1417.9
0.0,0.0,0.6,0.2,-532.5
0.0,0.0,0.6,0.0,-274.2
0.0,0.0,0.4,1.0,-804.3
0.0,0.0,0.4,0.8,-497.9
0.0,0.0,0.4,0.6,-684.3
0.0,0.0,0.4,0.4,-709.4
0.0,0.0,0.4,0.2,-728.6
0.0,0.0,0.4,0.0,-281.4
0.0,0.0,0.2,1.0,-376.0
0.0,0.0,0.2,0.8,-639.6
0.0,0.0,0.2,0.6,-810.6
0.0,0.0,0.2,0.4,-609.2
0.0,0.0,0.2,0.2,-399.3
0.0,0.0,0.2,0.0,-423.7
0.0,0.0,0.0,1.0,-466.9
0.0,0.0,0.0,0.8,-436.3
0.0,0.0,0.0,0.6,-492.8
0.0,0.0,0.0,0.4,-459.5
0.0,0.0,0.0,0.2,-433.0
0.0,0.0,0.0,0.0,-249.8
