chi [*,*] (tr)
:  Cooling_System OPS Oil Winding    :=
0         0         0   0     0
1         0         0   0     0
2         0         0   0     0
3         0         0   0     0
4         0         0   0     0
5         0         0   0     0
6         0         0   1     0
7         0         0   0     0
8         0         0   0     0
9         0         0   0     0
10        0         0   0     0
11        0         0   0     0
12        0         0   0     0
13        0         0   0     0
14        0         0   0     0
15        0         0   0     0
16        0         0   0     0
17        0         0   0     0
18        0         0   0     0
19        0         0   0     0
20        0         0   0     0
;

q [*] :=
  1 0.152898     97 0.533413    193 0.212006    289 0.134284    385 0.101959
  2 0.152729     98 0.533413    194 0.212006    290 0.134284    386 0.101959
  3 0.152564     99 0.533413    195 0.212006    291 0.134284    387 0.101959
  4 0.152398    100 0.533413    196 0.212006    292 0.134283    388 0.101959
  5 0.152233    101 0.533413    197 0.212006    293 0.134284    389 0.101959
  6 0.452242    102 0.533413    198 0.212006    294 0.134284    390 0.101959
  7 0.83        103 0.533413    199 0.212006    295 0.134284    391 0.101959
  8 0.967689    104 0.533413    200 0.212006    296 0.134284    392 0.101959
  9 0.967355    105 0.533413    201 0.212006    297 0.134283    393 0.101959
 10 0.96702     106 0.533413    202 0.212006    298 0.134284    394 0.101959
 11 0.966686    107 0.533413    203 0.212006    299 0.134284    395 0.101959
 12 0.966352    108 0.533413    204 0.212006    300 0.134284    396 0.101959
 13 0.966019    109 0.533413    205 0.212006    301 0.134284    397 0.101959
 14 0.965686    110 0.533413    206 0.212006    302 0.134284    398 0.101959
 15 0.965353    111 0.533413    207 0.212006    303 0.134284    399 0.101959
 16 0.965021    112 0.533413    208 0.212006    304 0.134284    400 0.101959
 17 0.964689    113 0.533413    209 0.212006    305 0.134284    401 0.101959
 18 0.964357    114 0.533413    210 0.212006    306 0.134284    402 0.101959
 19 0.964026    115 0.533413    211 0.212006    307 0.134284    403 0.101959
 20 0.963695    116 0.533413    212 0.212006    308 0.134284    404 0.101959
 21 0.963365    117 0.533413    213 0.212006    309 0.134284    405 0.101959
 22 0.963034    118 0.533413    214 0.212006    310 0.134284    406 0.101959
 23 0.962705    119 0.533413    215 0.212006    311 0.134274    407 0.101959
 24 0.962375    120 0.533413    216 0.212006    312 0.134284    408 0.101959
 25 0.83        121 0.4         217 0.182396    313 0.125814    409 0.0983525
 26 0.75        122 0.4         218 0.182398    314 0.125814    410 0.0983572
 27 0.64        123 0.4         219 0.182398    315 0.125814    411 0.0983572
 28 0.7         124 0.4         220 0.182398    316 0.125814    412 0.0983572
 29 0.64        125 0.4         221 0.182398    317 0.125814    413 0.0983572
 30 0.7         126 0.4         222 0.182398    318 0.125814    414 0.0983572
 31 0.83        127 0.4         223 0.182398    319 0.125814    415 0.0983568
 32 0.960094    128 0.4         224 0.182398    320 0.125814    416 0.0983572
 33 0.959767    129 0.4         225 0.182398    321 0.125814    417 0.0983572
 34 0.959441    130 0.4         226 0.182398    322 0.125814    418 0.0983572
 35 0.959115    131 0.4         227 0.182398    323 0.125814    419 0.0983572
 36 0.958789    132 0.4         228 0.182398    324 0.125814    420 0.0983564
 37 0.958464    133 0.4         229 0.182397    325 0.125814    421 0.0983442
 38 0.958139    134 0.4         230 0.182398    326 0.125813    422 0.0983572
 39 0.957815    135 0.4         231 0.182398    327 0.125814    423 0.0983572
 40 0.957491    136 0.4         232 0.182398    328 0.125814    424 0.0983572
 41 0.957167    137 0.4         233 0.182398    329 0.125813    425 0.0983572
 42 0.956843    138 0.4         234 0.182398    330 0.125814    426 0.0983568
 43 0.95652     139 0.4         235 0.182398    331 0.125814    427 0.0983572
 44 0.956197    140 0.4         236 0.182398    332 0.125814    428 0.0983572
 45 0.955875    141 0.4         237 0.182398    333 0.125813    429 0.0983564
 46 0.955553    142 0.4         238 0.182398    334 0.125765    430 0.0983572
 47 0.955231    143 0.4         239 0.182398    335 0.125813    431 0.0983572
 48 0.95491     144 0.4         240 0.182398    336 0.10559     432 0.0983572
 49 0.83        145 0.313664    241 0.161194    337 0.105747    433 0.0959808
 50 0.75        146 0.313664    242 0.161194    338 0.105361    434 0.0959808
 51 0.64        147 0.313664    243 0.161194    339 0.105246    435 0.0959808
 52 0.7         148 0.313664    244 0.161194    340 0.105132    436 0.0959808
 53 0.64        149 0.313664    245 0.161194    341 0.105018    437 0.0959808
 54 0.7         150 0.313664    246 0.161194    342 0.104904    438 0.0959808
 55 0.83        151 0.313664    247 0.161194    343 0.10479     439 0.0959808
 56 0.952682    152 0.313664    248 0.161194    344 0.104677    440 0.0959808
 57 0.952364    153 0.313664    249 0.161194    345 0.104563    441 0.0954612
 58 0.952045    154 0.313664    250 0.161194    346 0.10445     442 0.0959808
 59 0.951727    155 0.313664    251 0.161194    347 0.104336    443 0.0959808
 60 0.95141     156 0.313664    252 0.161194    348 0.104247    444 0.0959808
 61 0.951093    157 0.313664    253 0.161194    349 0.11758     445 0.0959808
 62 0.950776    158 0.313664    254 0.161194    350 0.11758     446 0.0959808
 63 0.950459    159 0.313664    255 0.161194    351 0.11758     447 0.0959808
 64 0.950143    160 0.313664    256 0.161194    352 0.105021    448 0.0959808
 65 0.949827    161 0.313664    257 0.161194    353 0.10365     449 0.0959808
 66 0.949512    162 0.313664    258 0.161194    354 0.103538    450 0.0959808
 67 0.949197    163 0.313664    259 0.161194    355 0.103425    451 0.0954612
 68 0.948882    164 0.313664    260 0.161194    356 0.117577    452 0.0959808
 69 0.948568    165 0.313664    261 0.161194    357 0.117577    453 0.0954678
 70 0.948253    166 0.313664    262 0.161194    358 0.117577    454 0.0959808
 71 0.94794     167 0.313664    263 0.161194    359 0.11758     455 0.0944184
 72 0.947626    168 0.313664    264 0.161194    360 0.117324    456 0.0954612
 73 0.72682     169 0.253878    265 0.145756    361 0.107371    457 0.092867
 74 0.72682     170 0.253878    266 0.145756    362 0.107371    458 0.092867
 75 0.64        171 0.253878    267 0.145756    363 0.107371    459 0.092867
 76 0.7         172 0.253878    268 0.145756    364 0.107371    460 0.092867
 77 0.64        173 0.253878    269 0.145756    365 0.107371    461 0.092867
 78 0.7         174 0.253878    270 0.145756    366 0.106165    462 0.092867
 79 0.72682     175 0.253878    271 0.145756    367 0.107371    463 0.092867
 80 0.72682     176 0.253878    272 0.145756    368 0.107371    464 0.092867
 81 0.72682     177 0.253878    273 0.145756    369 0.107371    465 0.092867
 82 0.72682     178 0.253878    274 0.145756    370 0.107371    466 0.092867
 83 0.72682     179 0.253878    275 0.145756    371 0.10737     467 0.092867
 84 0.72682     180 0.253878    276 0.145756    372 0.107371    468 0.0928669
 85 0.72682     181 0.253878    277 0.145756    373 0.107371    469 0.0928669
 86 0.72682     182 0.253878    278 0.145756    374 0.107371    470 0.092867
 87 0.72682     183 0.253878    279 0.145756    375 0.107371    471 0.092867
 88 0.72682     184 0.253878    280 0.145756    376 0.107371    472 0.092867
 89 0.72682     185 0.253878    281 0.145756    377 0.107371    473 0.092867
 90 0.72682     186 0.253878    282 0.145756    378 0.107371    474 0.092867
 91 0.72682     187 0.253878    283 0.145756    379 0.10737     475 0.0928153
 92 0.72682     188 0.253878    284 0.145756    380 0.107371    476 0.092867
 93 0.72682     189 0.253878    285 0.145756    381 0.107368    477 0.0928669
 94 0.72682     190 0.253878    286 0.145756    382 0.107371    478 0.092867
 95 0.72682     191 0.253878    287 0.145756    383 0.107371    479 0.092867
 96 0.72682     192 0.253878    288 0.145756    384 0.107371    480 0.092867
;
