Winding,Cooling System,OPS,Oil,Profit
1.0,1.0,1.0,1.0,0.0
1.0,1.0,1.0,0.8,0.0
1.0,1.0,1.0,0.6,0.0
1.0,1.0,1.0,0.4,0.0
1.0,1.0,1.0,0.2,0.0
1.0,1.0,1.0,0.0,0.0
1.0,1.0,0.8,1.0,-413.2
1.0,1.0,0.8,0.8,-344.2
1.0,1.0,0.8,0.6,-344.2
1.0,1.0,0.8,0.4,-344.2
1.0,1.0,0.8,0.2,-344.2
1.0,1.0,0.8,0.0,-344.2
1.0,1.0,0.6,1.0,-373.1
1.0,1.0,0.6,0.8,-304.2
1.0,1.0,0.6,0.6,-302.2
1.0,1.0,0.6,0.4,-302.1
1.0,1.0,0.6,0.2,-302.4
1.0,1.0,0.6,0.0,-302.1
1.0,1.0,0.4,1.0,-333.1
1.0,1.0,0.4,0.8,-262.1
1.0,1.0,0.4,0.6,-262.1
1.0,1.0,0.4,0.4,-262.1
1.0,1.0,0.4,0.2,-262.2
1.0,1.0,0.4,0.0,-263.2
1.0,1.0,0.2,1.0,-333.2
1.0,1.0,0.2,0.8,-262.1
1.0,1.0,0.2,0.6,-262.1
1.0,1.0,0.2,0.4,-262.1
1.0,1.0,0.2,0.2,-262.2
1.0,1.0,0.2,0.0,-263.2
1.0,1.0,0.0,1.0,-333.1
1.0,1.0,0.0,0.8,-264.3
1.0,1.0,0.0,0.6,-262.1
1.0,1.0,0.0,0.4,-262.1
1.0,1.0,0.0,0.2,-262.3
1.0,1.0,0.0,0.0,-263.2
1.0,0.8,1.0,1.0,-782.3
1.0,0.8,1.0,0.8,-782.3
1.0,0.8,1.0,0.6,-782.3
1.0,0.8,1.0,0.4,-782.3
1.0,0.8,1.0,0.2,-782.3
1.0,0.8,1.0,0.0,-782.3
1.0,0.8,0.8,1.0,-60.0
1.0,0.8,0.8,0.8,8.9
1.0,0.8,0.8,0.6,8.7
1.0,0.8,0.8,0.4,8.8
1.0,0.8,0.8,0.2,6.7
1.0,0.8,0.8,0.0,8.9
1.0,0.8,0.6,1.0,-20.1
1.0,0.8,0.6,0.8,48.3
1.0,0.8,0.6,0.6,50.7
1.0,0.8,0.6,0.4,50.7
1.0,0.8,0.6,0.2,51.0
1.0,0.8,0.6,0.0,50.5
1.0,0.8,0.4,1.0,20.0
1.0,0.8,0.4,0.8,87.5
1.0,0.8,0.4,0.6,51.1
1.0,0.8,0.4,0.4,90.8
1.0,0.8,0.4,0.2,90.2
1.0,0.8,0.4,0.0,88.5
1.0,0.8,0.2,1.0,20.0
1.0,0.8,0.2,0.8,40.0
1.0,0.8,0.2,0.6,90.2
1.0,0.8,0.2,0.4,90.6
1.0,0.8,0.2,0.2,89.6
1.0,0.8,0.2,0.0,89.6
1.0,0.8,0.0,1.0,19.9
1.0,0.8,0.0,0.8,87.6
1.0,0.8,0.0,0.6,90.3
1.0,0.8,0.0,0.4,90.0
1.0,0.8,0.0,0.2,89.6
1.0,0.8,0.0,0.0,89.5
1.0,0.6,1.0,1.0,-773.6
1.0,0.6,1.0,0.8,-773.6
1.0,0.6,1.0,0.6,-773.6
1.0,0.6,1.0,0.4,-773.6
1.0,0.6,1.0,0.2,-773.6
1.0,0.6,1.0,0.0,-773.6
1.0,0.6,0.8,1.0,-44.3
1.0,0.6,0.8,0.8,24.5
1.0,0.6,0.8,0.6,24.5
1.0,0.6,0.8,0.4,24.7
1.0,0.6,0.8,0.2,24.1
1.0,0.6,0.8,0.0,24.7
1.0,0.6,0.6,1.0,-4.3
1.0,0.6,0.6,0.8,63.8
1.0,0.6,0.6,0.6,65.7
1.0,0.6,0.6,0.4,65.9
1.0,0.6,0.6,0.2,65.7
1.0,0.6,0.6,0.0,66.8
1.0,0.6,0.4,1.0,9.7
1.0,0.6,0.4,0.8,103.7
1.0,0.6,0.4,0.6,104.5
1.0,0.6,0.4,0.4,106.3
1.0,0.6,0.4,0.2,63.4
1.0,0.6,0.4,0.0,105.7
1.0,0.6,0.2,1.0,35.7
1.0,0.6,0.2,0.8,81.0
1.0,0.6,0.2,0.6,99.9
1.0,0.6,0.2,0.4,105.5
1.0,0.6,0.2,0.2,105.3
1.0,0.6,0.2,0.0,105.7
1.0,0.6,0.0,1.0,35.7
1.0,0.6,0.0,0.8,104.3
1.0,0.6,0.0,0.6,104.5
1.0,0.6,0.0,0.4,98.7
1.0,0.6,0.0,0.2,104.5
1.0,0.6,0.0,0.0,105.1
1.0,0.4,1.0,1.0,-755.6
1.0,0.4,1.0,0.8,-755.6
1.0,0.4,1.0,0.6,-755.6
1.0,0.4,1.0,0.4,-755.6
1.0,0.4,1.0,0.2,-755.6
1.0,0.4,1.0,0.0,-755.6
1.0,0.4,0.8,1.0,-35.6
1.0,0.4,0.8,0.8,33.1
1.0,0.4,0.8,0.6,32.8
1.0,0.4,0.8,0.4,33.4
1.0,0.4,0.8,0.2,33.4
1.0,0.4,0.8,0.0,33.4
1.0,0.4,0.6,1.0,4.4
1.0,0.4,0.6,0.8,73.1
1.0,0.4,0.6,0.6,75.6
1.0,0.4,0.6,0.4,75.6
1.0,0.4,0.6,0.2,75.5
1.0,0.4,0.6,0.0,84.1
1.0,0.4,0.4,1.0,44.4
1.0,0.4,0.4,0.8,73.4
1.0,0.4,0.4,0.6,75.6
1.0,0.4,0.4,0.4,115.4
1.0,0.4,0.4,0.2,75.4
1.0,0.4,0.4,0.0,75.4
1.0,0.4,0.2,1.0,44.4
1.0,0.4,0.2,0.8,113.3
1.0,0.4,0.2,0.6,114.5
1.0,0.4,0.2,0.4,115.5
1.0,0.4,0.2,0.2,114.5
1.0,0.4,0.2,0.0,114.5
1.0,0.4,0.0,1.0,44.4
1.0,0.4,0.0,0.8,113.4
1.0,0.4,0.0,0.6,114.6
1.0,0.4,0.0,0.4,115.0
1.0,0.4,0.0,0.2,115.2
1.0,0.4,0.0,0.0,114.5
1.0,0.2,1.0,1.0,-755.6
1.0,0.2,1.0,0.8,-755.6
1.0,0.2,1.0,0.6,-755.6
1.0,0.2,1.0,0.4,-755.6
1.0,0.2,1.0,0.2,-755.6
1.0,0.2,1.0,0.0,-755.6
1.0,0.2,0.8,1.0,-35.6
1.0,0.2,0.8,0.8,33.4
1.0,0.2,0.8,0.6,33.4
1.0,0.2,0.8,0.4,33.4
1.0,0.2,0.8,0.2,33.1
1.0,0.2,0.8,0.0,33.4
1.0,0.2,0.6,1.0,5.7
1.0,0.2,0.6,0.8,73.4
1.0,0.2,0.6,0.6,83.2
1.0,0.2,0.6,0.4,75.5
1.0,0.2,0.6,0.2,75.6
1.0,0.2,0.6,0.0,75.5
1.0,0.2,0.4,1.0,44.4
1.0,0.2,0.4,0.8,115.5
1.0,0.2,0.4,0.6,115.5
1.0,0.2,0.4,0.4,75.4
1.0,0.2,0.4,0.2,115.5
1.0,0.2,0.4,0.0,75.5
1.0,0.2,0.2,1.0,44.4
1.0,0.2,0.2,0.8,113.3
1.0,0.2,0.2,0.6,115.5
1.0,0.2,0.2,0.4,114.5
1.0,0.2,0.2,0.2,114.5
1.0,0.2,0.2,0.0,114.5
1.0,0.2,0.0,1.0,44.4
1.0,0.2,0.0,0.8,115.5
1.0,0.2,0.0,0.6,115.5
1.0,0.2,0.0,0.4,114.5
1.0,0.2,0.0,0.2,114.5
1.0,0.2,0.0,0.0,114.5
1.0,0.0,1.0,1.0,-755.6
1.0,0.0,1.0,0.8,-755.6
1.0,0.0,1.0,0.6,-755.6
1.0,0.0,1.0,0.4,-755.6
1.0,0.0,1.0,0.2,-755.6
1.0,0.0,1.0,0.0,-755.6
1.0,0.0,0.8,1.0,-35.6
1.0,0.0,0.8,0.8,33.3
1.0,0.0,0.8,0.6,33.4
1.0,0.0,0.8,0.4,33.4
1.0,0.0,0.8,0.2,33.4
1.0,0.0,0.8,0.0,33.4
1.0,0.0,0.6,1.0,6.5
1.0,0.0,0.6,0.8,80.1
1.0,0.0,0.6,0.6,84.8
1.0,0.0,0.6,0.4,85.3
1.0,0.0,0.6,0.2,85.7
1.0,0.0,0.6,0.0,86.0
1.0,0.0,0.4,1.0,44.4
1.0,0.0,0.4,0.8,113.3
1.0,0.0,0.4,0.6,75.3
1.0,0.0,0.4,0.4,115.5
1.0,0.0,0.4,0.2,115.5
1.0,0.0,0.4,0.0,75.5
1.0,0.0,0.2,1.0,44.4
1.0,0.0,0.2,0.8,113.4
1.0,0.0,0.2,0.6,115.0
1.0,0.0,0.2,0.4,115.0
1.0,0.0,0.2,0.2,114.5
1.0,0.0,0.2,0.0,114.5
1.0,0.0,0.0,1.0,44.4
1.0,0.0,0.0,0.8,115.5
1.0,0.0,0.0,0.6,115.5
1.0,0.0,0.0,0.4,115.4
1.0,0.0,0.0,0.2,115.5
1.0,0.0,0.0,0.0,114.5
0.8,1.0,1.0,1.0,0.0
0.8,1.0,1.0,0.8,0.0
0.8,1.0,1.0,0.6,0.0
0.8,1.0,1.0,0.4,0.0
0.8,1.0,1.0,0.2,0.0
0.8,1.0,1.0,0.0,0.0
0.8,1.0,0.8,1.0,-372.5
0.8,1.0,0.8,0.8,-303.8
0.8,1.0,0.8,0.6,-368.0
0.8,1.0,0.8,0.4,-304.3
0.8,1.0,0.8,0.2,-304.9
0.8,1.0,0.8,0.0,-304.1
0.8,1.0,0.6,1.0,-372.3
0.8,1.0,0.6,0.8,-556.9
0.8,1.0,0.6,0.6,-2589.1
0.8,1.0,0.6,0.4,-756.8
0.8,1.0,0.6,0.2,-4295.8
0.8,1.0,0.6,0.0,-3223.0
0.8,1.0,0.4,1.0,-412.3
0.8,1.0,0.4,0.8,-264.2
0.8,1.0,0.4,0.6,-267.6
0.8,1.0,0.4,0.4,-262.8
0.8,1.0,0.4,0.2,-1061.2
0.8,1.0,0.4,0.0,-1068.5
0.8,1.0,0.2,1.0,-292.3
0.8,1.0,0.2,0.8,-236.2
0.8,1.0,0.2,0.6,-230.6
0.8,1.0,0.2,0.4,-224.4
0.8,1.0,0.2,0.2,-396.8
0.8,1.0,0.2,0.0,-5770.3
0.8,1.0,0.0,1.0,-294.6
0.8,1.0,0.0,0.8,-231.2
0.8,1.0,0.0,0.6,-225.9
0.8,1.0,0.0,0.4,-226.6
0.8,1.0,0.0,0.2,-353.2
0.8,1.0,0.0,0.0,-5773.8
0.8,0.8,1.0,1.0,-5811.4
0.8,0.8,1.0,0.8,-5811.4
0.8,0.8,1.0,0.6,-5811.4
0.8,0.8,1.0,0.4,-5811.4
0.8,0.8,1.0,0.2,-5811.4
0.8,0.8,1.0,0.0,-5811.4
0.8,0.8,0.8,1.0,-59.6
0.8,0.8,0.8,0.8,3.0
0.8,0.8,0.8,0.6,-147.8
0.8,0.8,0.8,0.4,-174.8
0.8,0.8,0.8,0.2,-3404.9
0.8,0.8,0.8,0.0,-3131.7
0.8,0.8,0.6,1.0,-458.2
0.8,0.8,0.6,0.8,-4902.4
0.8,0.8,0.6,0.6,48.4
0.8,0.8,0.6,0.4,-4826.3
0.8,0.8,0.6,0.2,-4953.8
0.8,0.8,0.6,0.0,-5287.8
0.8,0.8,0.4,1.0,23.0
0.8,0.8,0.4,0.8,-4352.7
0.8,0.8,0.4,0.6,-4904.0
0.8,0.8,0.4,0.4,-307.6
0.8,0.8,0.4,0.2,-982.1
0.8,0.8,0.4,0.0,-1069.2
0.8,0.8,0.2,1.0,20.9
0.8,0.8,0.2,0.8,-4887.7
0.8,0.8,0.2,0.6,89.8
0.8,0.8,0.2,0.4,26.7
0.8,0.8,0.2,0.2,-660.1
0.8,0.8,0.2,0.0,-4968.9
0.8,0.8,0.0,1.0,20.3
0.8,0.8,0.0,0.8,-4454.3
0.8,0.8,0.0,0.6,-1519.6
0.8,0.8,0.0,0.4,90.8
0.8,0.8,0.0,0.2,-246.4
0.8,0.8,0.0,0.0,-5770.0
0.8,0.6,1.0,1.0,-5819.3
0.8,0.6,1.0,0.8,-5819.3
0.8,0.6,1.0,0.6,-5819.3
0.8,0.6,1.0,0.4,-5819.3
0.8,0.6,1.0,0.2,-5819.3
0.8,0.6,1.0,0.0,-5819.3
0.8,0.6,0.8,1.0,-86.6
0.8,0.6,0.8,0.8,-164.8
0.8,0.6,0.8,0.6,-66.7
0.8,0.6,0.8,0.4,-27.8
0.8,0.6,0.8,0.2,-3970.4
0.8,0.6,0.8,0.0,-68.6
0.8,0.6,0.6,1.0,-126.7
0.8,0.6,0.6,0.8,-5021.6
0.8,0.6,0.6,0.6,-4561.4
0.8,0.6,0.6,0.4,-3881.0
0.8,0.6,0.6,0.2,-4865.5
0.8,0.6,0.6,0.0,-4443.7
0.8,0.6,0.4,1.0,35.1
0.8,0.6,0.4,0.8,-3478.5
0.8,0.6,0.4,0.6,-5092.8
0.8,0.6,0.4,0.4,-723.1
0.8,0.6,0.4,0.2,-1062.7
0.8,0.6,0.4,0.0,-1069.9
0.8,0.6,0.2,1.0,56.0
0.8,0.6,0.2,0.8,-4166.6
0.8,0.6,0.2,0.6,98.5
0.8,0.6,0.2,0.4,123.9
0.8,0.6,0.2,0.2,-553.7
0.8,0.6,0.2,0.0,-4840.7
0.8,0.6,0.0,1.0,58.5
0.8,0.6,0.0,0.8,117.8
0.8,0.6,0.0,0.6,122.7
0.8,0.6,0.0,0.4,-245.6
0.8,0.6,0.0,0.2,-247.2
0.8,0.6,0.0,0.0,-5383.0
0.8,0.4,1.0,1.0,-5825.7
0.8,0.4,1.0,0.8,-5825.7
0.8,0.4,1.0,0.6,-5825.7
0.8,0.4,1.0,0.4,-5825.7
0.8,0.4,1.0,0.2,-5825.7
0.8,0.4,1.0,0.0,-5825.7
0.8,0.4,0.8,1.0,5.2
0.8,0.4,0.8,0.8,30.5
0.8,0.4,0.8,0.6,30.0
0.8,0.4,0.8,0.4,18.2
0.8,0.4,0.8,0.2,-56.6
0.8,0.4,0.8,0.0,-1034.6
0.8,0.4,0.6,1.0,-49.6
0.8,0.4,0.6,0.8,-4622.1
0.8,0.4,0.6,0.6,-28.7
0.8,0.4,0.6,0.4,-902.8
0.8,0.4,0.6,0.2,-943.3
0.8,0.4,0.6,0.0,-804.1
0.8,0.4,0.4,1.0,44.9
0.8,0.4,0.4,0.8,-4860.1
0.8,0.4,0.4,0.6,-4666.5
0.8,0.4,0.4,0.4,-983.6
0.8,0.4,0.4,0.2,-863.9
0.8,0.4,0.4,0.0,-986.6
0.8,0.4,0.2,1.0,63.3
0.8,0.4,0.2,0.8,128.1
0.8,0.4,0.2,0.6,133.0
0.8,0.4,0.2,0.4,-535.2
0.8,0.4,0.2,0.2,-534.4
0.8,0.4,0.2,0.0,-2870.1
0.8,0.4,0.0,1.0,68.9
0.8,0.4,0.0,0.8,126.7
0.8,0.4,0.0,0.6,-358.3
0.8,0.4,0.0,0.4,136.0
0.8,0.4,0.0,0.2,-373.1
0.8,0.4,0.0,0.0,-309.9
0.8,0.2,1.0,1.0,-5817.9
0.8,0.2,1.0,0.8,-5817.9
0.8,0.2,1.0,0.6,-5817.9
0.8,0.2,1.0,0.4,-5817.9
0.8,0.2,1.0,0.2,-5817.9
0.8,0.2,1.0,0.0,-5817.9
0.8,0.2,0.8,1.0,-34.9
0.8,0.2,0.8,0.8,28.7
0.8,0.2,0.8,0.6,-148.6
0.8,0.2,0.8,0.4,-1055.4
0.8,0.2,0.8,0.2,-60.1
0.8,0.2,0.8,0.0,26.1
0.8,0.2,0.6,1.0,-75.0
0.8,0.2,0.6,0.8,-4534.4
0.8,0.2,0.6,0.6,-3172.7
0.8,0.2,0.6,0.4,-1035.9
0.8,0.2,0.6,0.2,-1036.5
0.8,0.2,0.6,0.0,-1440.8
0.8,0.2,0.4,1.0,44.5
0.8,0.2,0.4,0.8,-4577.3
0.8,0.2,0.4,0.6,-4535.8
0.8,0.2,0.4,0.4,-1076.8
0.8,0.2,0.4,0.2,-996.9
0.8,0.2,0.4,0.0,71.9
0.8,0.2,0.2,1.0,81.8
0.8,0.2,0.2,0.8,81.6
0.8,0.2,0.2,0.6,-4182.4
0.8,0.2,0.2,0.4,-767.5
0.8,0.2,0.2,0.2,-494.1
0.8,0.2,0.2,0.0,-3826.1
0.8,0.2,0.0,1.0,81.7
0.8,0.2,0.0,0.8,84.4
0.8,0.2,0.0,0.6,52.8
0.8,0.2,0.0,0.4,-354.9
0.8,0.2,0.0,0.2,-249.2
0.8,0.2,0.0,0.0,-369.0
0.8,0.0,1.0,1.0,-5826.6
0.8,0.0,1.0,0.8,-5826.6
0.8,0.0,1.0,0.6,-5826.6
0.8,0.0,1.0,0.4,-5826.6
0.8,0.0,1.0,0.2,-5826.6
0.8,0.0,1.0,0.0,-5826.6
0.8,0.0,0.8,1.0,-34.9
0.8,0.0,0.8,0.8,-58.4
0.8,0.0,0.8,0.6,-171.4
0.8,0.0,0.8,0.4,-216.5
0.8,0.0,0.8,0.2,-174.8
0.8,0.0,0.8,0.0,-74.0
0.8,0.0,0.6,1.0,-331.5
0.8,0.0,0.6,0.8,1.6
0.8,0.0,0.6,0.6,-5382.0
0.8,0.0,0.6,0.4,-246.5
0.8,0.0,0.6,0.2,-277.5
0.8,0.0,0.6,0.0,-709.4
0.8,0.0,0.4,1.0,18.1
0.8,0.0,0.4,0.8,-1439.6
0.8,0.0,0.4,0.6,-310.0
0.8,0.0,0.4,0.4,-320.8
0.8,0.0,0.4,0.2,-407.8
0.8,0.0,0.4,0.0,-309.0
0.8,0.0,0.2,1.0,43.2
0.8,0.0,0.2,0.8,142.1
0.8,0.0,0.2,0.6,83.9
0.8,0.0,0.2,0.4,-314.6
0.8,0.0,0.2,0.2,-227.7
0.8,0.0,0.2,0.0,-5781.6
0.8,0.0,0.0,1.0,81.8
0.8,0.0,0.0,0.8,139.9
0.8,0.0,0.0,0.6,-5448.6
0.8,0.0,0.0,0.4,86.8
0.8,0.0,0.0,0.2,-67.5
0.8,0.0,0.0,0.0,-215.7
0.6,1.0,1.0,1.0,0.0
0.6,1.0,1.0,0.8,0.0
0.6,1.0,1.0,0.6,0.0
0.6,1.0,1.0,0.4,0.0
0.6,1.0,1.0,0.2,0.0
0.6,1.0,1.0,0.0,0.0
0.6,1.0,0.8,1.0,-331.6
0.6,1.0,0.8,0.8,-266.0
0.6,1.0,0.8,0.6,-304.0
0.6,1.0,0.8,0.4,-263.7
0.6,1.0,0.8,0.2,-306.9
0.6,1.0,0.8,0.0,-304.2
0.6,1.0,0.6,1.0,-331.6
0.6,1.0,0.6,0.8,-553.3
0.6,1.0,0.6,0.6,-535.6
0.6,1.0,0.6,0.4,-264.4
0.6,1.0,0.6,0.2,-533.6
0.6,1.0,0.6,0.0,-509.5
0.6,1.0,0.4,1.0,-331.5
0.6,1.0,0.4,0.8,-280.8
0.6,1.0,0.4,0.6,-537.2
0.6,1.0,0.4,0.4,-553.4
0.6,1.0,0.4,0.2,-306.6
0.6,1.0,0.4,0.0,-443.6
0.6,1.0,0.2,1.0,-252.0
0.6,1.0,0.2,0.8,-284.1
0.6,1.0,0.2,0.6,-183.3
0.6,1.0,0.2,0.4,-187.4
0.6,1.0,0.2,0.2,-491.5
0.6,1.0,0.2,0.0,-5607.7
0.6,1.0,0.0,1.0,-251.5
0.6,1.0,0.0,0.8,-193.6
0.6,1.0,0.0,0.6,-553.0
0.6,1.0,0.0,0.4,-184.0
0.6,1.0,0.0,0.2,-320.5
0.6,1.0,0.0,0.0,-465.3
0.6,0.8,1.0,1.0,-6720.4
0.6,0.8,1.0,0.8,-6720.4
0.6,0.8,1.0,0.6,-6720.4
0.6,0.8,1.0,0.4,-6720.4
0.6,0.8,1.0,0.2,-6720.4
0.6,0.8,1.0,0.0,-6720.4
0.6,0.8,0.8,1.0,20.6
0.6,0.8,0.8,0.8,89.7
0.6,0.8,0.8,0.6,45.3
0.6,0.8,0.8,0.4,-4175.7
0.6,0.8,0.8,0.2,-3813.5
0.6,0.8,0.8,0.0,-2593.8
0.6,0.8,0.6,1.0,41.6
0.6,0.8,0.6,0.8,-264.3
0.6,0.8,0.6,0.6,-414.9
0.6,0.8,0.6,0.4,-4847.2
0.6,0.8,0.6,0.2,-4841.3
0.6,0.8,0.6,0.0,-366.8
0.6,0.8,0.4,1.0,43.0
0.6,0.8,0.4,0.8,-271.4
0.6,0.8,0.4,0.6,-4658.3
0.6,0.8,0.4,0.4,-731.2
0.6,0.8,0.4,0.2,-1050.8
0.6,0.8,0.4,0.0,-1058.1
0.6,0.8,0.2,1.0,83.0
0.6,0.8,0.2,0.8,122.6
0.6,0.8,0.2,0.6,-286.3
0.6,0.8,0.2,0.4,-654.1
0.6,0.8,0.2,0.2,-593.3
0.6,0.8,0.2,0.0,-3257.2
0.6,0.8,0.0,1.0,64.3
0.6,0.8,0.0,0.8,-5936.7
0.6,0.8,0.0,0.6,-5120.8
0.6,0.8,0.0,0.4,-216.5
0.6,0.8,0.0,0.2,-389.5
0.6,0.8,0.0,0.0,-317.7
0.6,0.6,1.0,1.0,-6720.4
0.6,0.6,1.0,0.8,-6720.4
0.6,0.6,1.0,0.6,-6720.4
0.6,0.6,1.0,0.4,-6720.4
0.6,0.6,1.0,0.2,-6720.4
0.6,0.6,1.0,0.0,-6720.4
0.6,0.6,0.8,1.0,32.7
0.6,0.6,0.8,0.8,-65.2
0.6,0.6,0.8,0.6,-3498.5
0.6,0.6,0.8,0.4,-4452.2
0.6,0.6,0.8,0.2,-3871.4
0.6,0.6,0.8,0.0,52.3
0.6,0.6,0.6,1.0,-62.2
0.6,0.6,0.6,0.8,-4882.2
0.6,0.6,0.6,0.6,-3852.1
0.6,0.6,0.6,0.4,-4715.9
0.6,0.6,0.6,0.2,-4841.3
0.6,0.6,0.6,0.0,-4679.0
0.6,0.6,0.4,1.0,70.2
0.6,0.6,0.4,0.8,-399.9
0.6,0.6,0.4,0.6,-348.8
0.6,0.6,0.4,0.4,-891.8
0.6,0.6,0.4,0.2,-931.9
0.6,0.6,0.4,0.0,-1058.8
0.6,0.6,0.2,1.0,115.4
0.6,0.6,0.2,0.8,154.8
0.6,0.6,0.2,0.6,161.2
0.6,0.6,0.2,0.4,117.0
0.6,0.6,0.2,0.2,-697.1
0.6,0.6,0.2,0.0,-4932.2
0.6,0.6,0.0,1.0,115.4
0.6,0.6,0.0,0.8,-95.3
0.6,0.6,0.0,0.6,-295.2
0.6,0.6,0.0,0.4,-419.3
0.6,0.6,0.0,0.2,-181.9
0.6,0.6,0.0,0.0,-5916.4
0.6,0.4,1.0,1.0,-6720.4
0.6,0.4,1.0,0.8,-6720.4
0.6,0.4,1.0,0.6,-6720.4
0.6,0.4,1.0,0.4,-6720.4
0.6,0.4,1.0,0.2,-6720.4
0.6,0.4,1.0,0.0,-6720.4
0.6,0.4,0.8,1.0,41.3
0.6,0.4,0.8,0.8,-1014.3
0.6,0.4,0.8,0.6,114.6
0.6,0.4,0.8,0.4,-1014.5
0.6,0.4,0.8,0.2,-1014.4
0.6,0.4,0.8,0.0,-1014.5
0.6,0.4,0.6,1.0,-54.6
0.6,0.4,0.6,0.8,-4111.6
0.6,0.4,0.6,0.6,-389.6
0.6,0.4,0.6,0.4,-269.9
0.6,0.4,0.6,0.2,-241.0
0.6,0.4,0.6,0.0,-170.2
0.6,0.4,0.4,1.0,83.9
0.6,0.4,0.4,0.8,-4712.9
0.6,0.4,0.4,0.6,-4803.0
0.6,0.4,0.4,0.4,-204.4
0.6,0.4,0.4,0.2,-704.4
0.6,0.4,0.4,0.0,-1059.7
0.6,0.4,0.2,1.0,114.9
0.6,0.4,0.2,0.8,171.7
0.6,0.4,0.2,0.6,-372.9
0.6,0.4,0.2,0.4,-602.0
0.6,0.4,0.2,0.2,-191.7
0.6,0.4,0.2,0.0,-300.3
0.6,0.4,0.0,1.0,114.8
0.6,0.4,0.0,0.8,166.5
0.6,0.4,0.0,0.6,-298.1
0.6,0.4,0.0,0.4,-182.2
0.6,0.4,0.0,0.2,-345.8
0.6,0.4,0.0,0.0,-5517.4
0.6,0.2,1.0,1.0,-6272.5
0.6,0.2,1.0,0.8,-6272.5
0.6,0.2,1.0,0.6,-6272.5
0.6,0.2,1.0,0.4,-6272.5
0.6,0.2,1.0,0.2,-6272.5
0.6,0.2,1.0,0.0,-6272.5
0.6,0.2,0.8,1.0,-74.8
0.6,0.2,0.8,0.8,-1015.3
0.6,0.2,0.8,0.6,-1015.3
0.6,0.2,0.8,0.4,-1015.3
0.6,0.2,0.8,0.2,-895.0
0.6,0.2,0.8,0.0,-1015.1
0.6,0.2,0.6,1.0,-34.7
0.6,0.2,0.6,0.8,-17.1
0.6,0.2,0.6,0.6,-244.5
0.6,0.2,0.6,0.4,-187.2
0.6,0.2,0.6,0.2,-291.9
0.6,0.2,0.6,0.0,-4334.9
0.6,0.2,0.4,1.0,75.6
0.6,0.2,0.4,0.8,-309.6
0.6,0.2,0.4,0.6,-4834.9
0.6,0.2,0.4,0.4,-315.6
0.6,0.2,0.4,0.2,-296.1
0.6,0.2,0.4,0.0,-1073.0
0.6,0.2,0.2,1.0,123.7
0.6,0.2,0.2,0.8,-3077.3
0.6,0.2,0.2,0.6,-236.2
0.6,0.2,0.2,0.4,132.5
0.6,0.2,0.2,0.2,-334.6
0.6,0.2,0.2,0.0,-1854.3
0.6,0.2,0.0,1.0,123.7
0.6,0.2,0.0,0.8,176.6
0.6,0.2,0.0,0.6,-5519.7
0.6,0.2,0.0,0.4,-309.9
0.6,0.2,0.0,0.2,-147.6
0.6,0.2,0.0,0.0,-5896.0
0.6,0.0,1.0,1.0,-6720.4
0.6,0.0,1.0,0.8,-6720.4
0.6,0.0,1.0,0.6,-6720.4
0.6,0.0,1.0,0.4,-6720.4
0.6,0.0,1.0,0.2,-6720.4
0.6,0.0,1.0,0.0,-6720.4
0.6,0.0,0.8,1.0,5.7
0.6,0.0,0.8,0.8,-103.7
0.6,0.0,0.8,0.6,-159.4
0.6,0.0,0.8,0.4,-51.1
0.6,0.0,0.8,0.2,-135.2
0.6,0.0,0.8,0.0,70.3
0.6,0.0,0.6,1.0,-0.2
0.6,0.0,0.6,0.8,-5927.9
0.6,0.0,0.6,0.6,-78.4
0.6,0.0,0.6,0.4,-80.2
0.6,0.0,0.6,0.2,-79.1
0.6,0.0,0.6,0.0,-5923.5
0.6,0.0,0.4,1.0,72.3
0.6,0.0,0.4,0.8,-981.2
0.6,0.0,0.4,0.6,-186.5
0.6,0.0,0.4,0.4,-187.6
0.6,0.0,0.4,0.2,-198.0
0.6,0.0,0.4,0.0,-300.5
0.6,0.0,0.2,1.0,-178.2
0.6,0.0,0.2,0.8,-5915.9
0.6,0.0,0.2,0.6,-6101.5
0.6,0.0,0.2,0.4,95.3
0.6,0.0,0.2,0.2,-214.7
0.6,0.0,0.2,0.0,-165.7
0.6,0.0,0.0,1.0,79.5
0.6,0.0,0.0,0.8,43.0
0.6,0.0,0.0,0.6,-81.3
0.6,0.0,0.0,0.4,-99.3
0.6,0.0,0.0,0.2,54.1
0.6,0.0,0.0,0.0,-5923.8
0.4,1.0,1.0,1.0,0.0
0.4,1.0,1.0,0.8,0.0
0.4,1.0,1.0,0.6,0.0
0.4,1.0,1.0,0.4,0.0
0.4,1.0,1.0,0.2,0.0
0.4,1.0,1.0,0.0,0.0
0.4,1.0,0.8,1.0,-330.7
0.4,1.0,0.8,0.8,-267.3
0.4,1.0,0.8,0.6,-265.3
0.4,1.0,0.8,0.4,-2744.6
0.4,1.0,0.8,0.2,-262.7
0.4,1.0,0.8,0.0,-222.5
0.4,1.0,0.6,1.0,-255.9
0.4,1.0,0.6,0.8,-557.1
0.4,1.0,0.6,0.6,-262.0
0.4,1.0,0.6,0.4,-547.8
0.4,1.0,0.6,0.2,-542.4
0.4,1.0,0.6,0.0,-522.2
0.4,1.0,0.4,1.0,-252.2
0.4,1.0,0.4,0.8,-558.1
0.4,1.0,0.4,0.6,-549.4
0.4,1.0,0.4,0.4,-212.7
0.4,1.0,0.4,0.2,-543.8
0.4,1.0,0.4,0.0,-520.3
0.4,1.0,0.2,1.0,-253.6
0.4,1.0,0.2,0.8,-153.6
0.4,1.0,0.2,0.6,-174.2
0.4,1.0,0.2,0.4,-354.0
0.4,1.0,0.2,0.2,-582.2
0.4,1.0,0.2,0.0,-521.9
0.4,1.0,0.0,1.0,-266.5
0.4,1.0,0.0,0.8,-294.0
0.4,1.0,0.0,0.6,-282.3
0.4,1.0,0.0,0.4,-143.6
0.4,1.0,0.0,0.2,-282.4
0.4,1.0,0.0,0.0,-2858.8
0.4,0.8,1.0,1.0,-6858.8
0.4,0.8,1.0,0.8,-6858.8
0.4,0.8,1.0,0.6,-6858.8
0.4,0.8,1.0,0.4,-6858.8
0.4,0.8,1.0,0.2,-6858.8
0.4,0.8,1.0,0.0,-6858.8
0.4,0.8,0.8,1.0,19.4
0.4,0.8,0.8,0.8,130.2
0.4,0.8,0.8,0.6,-1811.4
0.4,0.8,0.8,0.4,86.5
0.4,0.8,0.8,0.2,-4459.4
0.4,0.8,0.8,0.0,83.7
0.4,0.8,0.6,1.0,21.4
0.4,0.8,0.6,0.8,-373.9
0.4,0.8,0.6,0.6,-742.5
0.4,0.8,0.6,0.4,-5314.4
0.4,0.8,0.6,0.2,-379.5
0.4,0.8,0.6,0.0,-347.6
0.4,0.8,0.4,1.0,-441.6
0.4,0.8,0.4,0.8,-294.2
0.4,0.8,0.4,0.6,-259.4
0.4,0.8,0.4,0.4,-437.0
0.4,0.8,0.4,0.2,-1039.7
0.4,0.8,0.4,0.0,-1053.2
0.4,0.8,0.2,1.0,104.3
0.4,0.8,0.2,0.8,-4636.1
0.4,0.8,0.2,0.6,-5.3
0.4,0.8,0.2,0.4,-1005.2
0.4,0.8,0.2,0.2,-535.9
0.4,0.8,0.2,0.0,-5527.4
0.4,0.8,0.0,1.0,-202.2
0.4,0.8,0.0,0.8,181.1
0.4,0.8,0.0,0.6,-266.6
0.4,0.8,0.0,0.4,8.5
0.4,0.8,0.0,0.2,-215.7
0.4,0.8,0.0,0.0,-4250.2
0.4,0.6,1.0,1.0,-6858.8
0.4,0.6,1.0,0.8,-6858.8
0.4,0.6,1.0,0.6,-6858.8
0.4,0.6,1.0,0.4,-6858.8
0.4,0.6,1.0,0.2,-6858.8
0.4,0.6,1.0,0.0,-6858.8
0.4,0.6,0.8,1.0,33.6
0.4,0.6,0.8,0.8,-852.4
0.4,0.6,0.8,0.6,-236.3
0.4,0.6,0.8,0.4,-126.5
0.4,0.6,0.8,0.2,-3819.0
0.4,0.6,0.8,0.0,-5073.0
0.4,0.6,0.6,1.0,-4736.0
0.4,0.6,0.6,0.8,-340.5
0.4,0.6,0.6,0.6,-306.4
0.4,0.6,0.6,0.4,-4479.2
0.4,0.6,0.6,0.2,-4553.6
0.4,0.6,0.6,0.0,-4401.1
0.4,0.6,0.4,1.0,13.6
0.4,0.6,0.4,0.8,-1014.1
0.4,0.6,0.4,0.6,-388.8
0.4,0.6,0.4,0.4,-960.5
0.4,0.6,0.4,0.2,-1040.5
0.4,0.6,0.4,0.0,-1054.3
0.4,0.6,0.2,1.0,117.0
0.4,0.6,0.2,0.8,-2411.8
0.4,0.6,0.2,0.6,85.2
0.4,0.6,0.2,0.4,-407.5
0.4,0.6,0.2,0.2,-742.1
0.4,0.6,0.2,0.0,-4644.6
0.4,0.6,0.0,1.0,60.3
0.4,0.6,0.0,0.8,-22.6
0.4,0.6,0.0,0.6,-6628.9
0.4,0.6,0.0,0.4,-375.8
0.4,0.6,0.0,0.2,-253.2
0.4,0.6,0.0,0.0,-245.1
0.4,0.4,1.0,1.0,-6858.8
0.4,0.4,1.0,0.8,-6858.8
0.4,0.4,1.0,0.6,-6858.8
0.4,0.4,1.0,0.4,-6858.8
0.4,0.4,1.0,0.2,-6858.8
0.4,0.4,1.0,0.0,-6858.8
0.4,0.4,0.8,1.0,45.5
0.4,0.4,0.8,0.8,-150.5
0.4,0.4,0.8,0.6,-874.2
0.4,0.4,0.8,0.4,-973.0
0.4,0.4,0.8,0.2,-705.1
0.4,0.4,0.8,0.0,-953.6
0.4,0.4,0.6,1.0,33.3
0.4,0.4,0.6,0.8,-234.7
0.4,0.4,0.6,0.6,-243.9
0.4,0.4,0.6,0.4,-296.6
0.4,0.4,0.6,0.2,-952.6
0.4,0.4,0.6,0.0,-273.4
0.4,0.4,0.4,1.0,89.2
0.4,0.4,0.4,0.8,-246.8
0.4,0.4,0.4,0.6,-203.2
0.4,0.4,0.4,0.4,-961.4
0.4,0.4,0.4,0.2,-334.0
0.4,0.4,0.4,0.0,-1054.0
0.4,0.4,0.2,1.0,155.5
0.4,0.4,0.2,0.8,207.6
0.4,0.4,0.2,0.6,-187.3
0.4,0.4,0.2,0.4,220.5
0.4,0.4,0.2,0.2,-176.1
0.4,0.4,0.2,0.0,-352.2
0.4,0.4,0.0,1.0,-2110.3
0.4,0.4,0.0,0.8,207.7
0.4,0.4,0.0,0.6,-360.5
0.4,0.4,0.0,0.4,-145.4
0.4,0.4,0.0,0.2,-140.4
0.4,0.4,0.0,0.0,-3878.3
0.4,0.2,1.0,1.0,-6858.8
0.4,0.2,1.0,0.8,-6858.8
0.4,0.2,1.0,0.6,-6858.8
0.4,0.2,1.0,0.4,-6858.8
0.4,0.2,1.0,0.2,-6858.8
0.4,0.2,1.0,0.0,-6858.8
0.4,0.2,0.8,1.0,-715.1
0.4,0.2,0.8,0.8,-122.8
0.4,0.2,0.8,0.6,-146.7
0.4,0.2,0.8,0.4,66.7
0.4,0.2,0.8,0.2,-854.0
0.4,0.2,0.8,0.0,-994.9
0.4,0.2,0.6,1.0,31.3
0.4,0.2,0.6,0.8,-380.1
0.4,0.2,0.6,0.6,-211.1
0.4,0.2,0.6,0.4,-371.3
0.4,0.2,0.6,0.2,111.7
0.4,0.2,0.6,0.0,-980.6
0.4,0.2,0.4,1.0,86.4
0.4,0.2,0.4,0.8,-418.7
0.4,0.2,0.4,0.6,-213.6
0.4,0.2,0.4,0.4,-316.0
0.4,0.2,0.4,0.2,-1054.1
0.4,0.2,0.4,0.0,-1059.2
0.4,0.2,0.2,1.0,42.0
0.4,0.2,0.2,0.8,-295.3
0.4,0.2,0.2,0.6,98.8
0.4,0.2,0.2,0.4,-754.8
0.4,0.2,0.2,0.2,-739.2
0.4,0.2,0.2,0.0,-209.6
0.4,0.2,0.0,1.0,100.9
0.4,0.2,0.0,0.8,-5974.5
0.4,0.2,0.0,0.6,-207.6
0.4,0.2,0.0,0.4,-148.4
0.4,0.2,0.0,0.2,-204.6
0.4,0.2,0.0,0.0,-6290.4
0.4,0.0,1.0,1.0,-6858.8
0.4,0.0,1.0,0.8,-6858.8
0.4,0.0,1.0,0.6,-6858.8
0.4,0.0,1.0,0.4,-6858.8
0.4,0.0,1.0,0.2,-6858.8
0.4,0.0,1.0,0.0,-6858.8
0.4,0.0,0.8,1.0,83.2
0.4,0.0,0.8,0.8,-249.3
0.4,0.0,0.8,0.6,-333.6
0.4,0.0,0.8,0.4,-458.8
0.4,0.0,0.8,0.2,-201.5
0.4,0.0,0.8,0.0,-140.7
0.4,0.0,0.6,1.0,-184.0
0.4,0.0,0.6,0.8,-184.3
0.4,0.0,0.6,0.6,-149.3
0.4,0.0,0.6,0.4,-169.5
0.4,0.0,0.6,0.2,-81.9
0.4,0.0,0.6,0.0,-20.0
0.4,0.0,0.4,1.0,53.1
0.4,0.0,0.4,0.8,-341.1
0.4,0.0,0.4,0.6,-231.7
0.4,0.0,0.4,0.4,-199.5
0.4,0.0,0.4,0.2,-324.1
0.4,0.0,0.4,0.0,-289.3
0.4,0.0,0.2,1.0,115.8
0.4,0.0,0.2,0.8,-214.8
0.4,0.0,0.2,0.6,169.0
0.4,0.0,0.2,0.4,-196.9
0.4,0.0,0.2,0.2,15.4
0.4,0.0,0.2,0.0,-40.4
0.4,0.0,0.0,1.0,80.8
0.4,0.0,0.0,0.8,-5456.7
0.4,0.0,0.0,0.6,-83.7
0.4,0.0,0.0,0.4,-81.2
0.4,0.0,0.0,0.2,28.5
0.4,0.0,0.0,0.0,-190.0
0.2,1.0,1.0,1.0,0.0
0.2,1.0,1.0,0.8,0.0
0.2,1.0,1.0,0.6,0.0
0.2,1.0,1.0,0.4,0.0
0.2,1.0,1.0,0.2,0.0
0.2,1.0,1.0,0.0,0.0
0.2,1.0,0.8,1.0,-250.0
0.2,1.0,0.8,0.8,-182.0
0.2,1.0,0.8,0.6,-181.8
0.2,1.0,0.8,0.4,-227.0
0.2,1.0,0.8,0.2,-226.0
0.2,1.0,0.8,0.0,-181.6
0.2,1.0,0.6,1.0,-251.9
0.2,1.0,0.6,0.8,-567.8
0.2,1.0,0.6,0.6,-573.7
0.2,1.0,0.6,0.4,-245.4
0.2,1.0,0.6,0.2,-557.3
0.2,1.0,0.6,0.0,-544.2
0.2,1.0,0.4,1.0,-225.2
0.2,1.0,0.4,0.8,-566.3
0.2,1.0,0.4,0.6,-580.8
0.2,1.0,0.4,0.4,-583.0
0.2,1.0,0.4,0.2,-567.9
0.2,1.0,0.4,0.0,-537.4
0.2,1.0,0.2,1.0,-210.2
0.2,1.0,0.2,0.8,-222.2
0.2,1.0,0.2,0.6,-180.2
0.2,1.0,0.2,0.4,-149.1
0.2,1.0,0.2,0.2,-551.3
0.2,1.0,0.2,0.0,-132.0
0.2,1.0,0.0,1.0,-313.1
0.2,1.0,0.0,0.8,-208.1
0.2,1.0,0.0,0.6,-571.9
0.2,1.0,0.0,0.4,-273.0
0.2,1.0,0.0,0.2,-294.7
0.2,1.0,0.0,0.0,-554.4
0.2,0.8,1.0,1.0,-7220.0
0.2,0.8,1.0,0.8,-7220.0
0.2,0.8,1.0,0.6,-7220.0
0.2,0.8,1.0,0.4,-7220.0
0.2,0.8,1.0,0.2,-7220.0
0.2,0.8,1.0,0.0,-7220.0
0.2,0.8,0.8,1.0,62.4
0.2,0.8,0.8,0.8,-748.5
0.2,0.8,0.8,0.6,-3775.5
0.2,0.8,0.8,0.4,-4612.1
0.2,0.8,0.8,0.2,-2360.0
0.2,0.8,0.8,0.0,-3862.7
0.2,0.8,0.6,1.0,-5477.4
0.2,0.8,0.6,0.8,-804.7
0.2,0.8,0.6,0.6,-4651.7
0.2,0.8,0.6,0.4,-4868.1
0.2,0.8,0.6,0.2,-511.3
0.2,0.8,0.6,0.0,-5393.9
0.2,0.8,0.4,1.0,99.8
0.2,0.8,0.4,0.8,-368.2
0.2,0.8,0.4,0.6,-1013.8
0.2,0.8,0.4,0.4,-269.6
0.2,0.8,0.4,0.2,-376.0
0.2,0.8,0.4,0.0,-1053.5
0.2,0.8,0.2,1.0,182.1
0.2,0.8,0.2,0.8,-481.1
0.2,0.8,0.2,0.6,-313.0
0.2,0.8,0.2,0.4,-383.5
0.2,0.8,0.2,0.2,-476.1
0.2,0.8,0.2,0.0,-4501.8
0.2,0.8,0.0,1.0,-2587.1
0.2,0.8,0.0,0.8,-1831.6
0.2,0.8,0.0,0.6,-4406.9
0.2,0.8,0.0,0.4,-164.8
0.2,0.8,0.0,0.2,-24.8
0.2,0.8,0.0,0.0,-6816.2
0.2,0.6,1.0,1.0,-7220.0
0.2,0.6,1.0,0.8,-7220.0
0.2,0.6,1.0,0.6,-7220.0
0.2,0.6,1.0,0.4,-7220.0
0.2,0.6,1.0,0.2,-7220.0
0.2,0.6,1.0,0.0,-7220.0
0.2,0.6,0.8,1.0,76.4
0.2,0.6,0.8,0.8,-540.1
0.2,0.6,0.8,0.6,-270.3
0.2,0.6,0.8,0.4,-3987.1
0.2,0.6,0.8,0.2,-204.2
0.2,0.6,0.8,0.0,-4254.2
0.2,0.6,0.6,1.0,-4946.2
0.2,0.6,0.6,0.8,-462.8
0.2,0.6,0.6,0.6,-866.1
0.2,0.6,0.6,0.4,-4955.9
0.2,0.6,0.6,0.2,-5328.6
0.2,0.6,0.6,0.0,-338.2
0.2,0.6,0.4,1.0,-334.6
0.2,0.6,0.4,0.8,-290.1
0.2,0.6,0.4,0.6,-774.3
0.2,0.6,0.4,0.4,-230.8
0.2,0.6,0.4,0.2,-989.0
0.2,0.6,0.4,0.0,-1054.5
0.2,0.6,0.2,1.0,27.5
0.2,0.6,0.2,0.8,235.4
0.2,0.6,0.2,0.6,-261.3
0.2,0.6,0.2,0.4,-264.9
0.2,0.6,0.2,0.2,-1018.7
0.2,0.6,0.2,0.0,-218.4
0.2,0.6,0.0,1.0,94.8
0.2,0.6,0.0,0.8,-6071.1
0.2,0.6,0.0,0.6,-6250.3
0.2,0.6,0.0,0.4,60.4
0.2,0.6,0.0,0.2,-240.5
0.2,0.6,0.0,0.0,-6867.1
0.2,0.4,1.0,1.0,-7220.0
0.2,0.4,1.0,0.8,-7220.0
0.2,0.4,1.0,0.6,-7220.0
0.2,0.4,1.0,0.4,-7220.0
0.2,0.4,1.0,0.2,-7220.0
0.2,0.4,1.0,0.0,-7220.0
0.2,0.4,0.8,1.0,126.1
0.2,0.4,0.8,0.8,-914.4
0.2,0.4,0.8,0.6,-994.1
0.2,0.4,0.8,0.4,-932.2
0.2,0.4,0.8,0.2,-932.2
0.2,0.4,0.8,0.0,-994.1
0.2,0.4,0.6,1.0,-339.0
0.2,0.4,0.6,0.8,-1015.3
0.2,0.4,0.6,0.6,-215.7
0.2,0.4,0.6,0.4,-1029.7
0.2,0.4,0.6,0.2,-1029.7
0.2,0.4,0.6,0.0,-1055.3
0.2,0.4,0.4,1.0,-231.1
0.2,0.4,0.4,0.8,35.9
0.2,0.4,0.4,0.6,-280.7
0.2,0.4,0.4,0.4,-316.2
0.2,0.4,0.4,0.2,-178.8
0.2,0.4,0.4,0.0,-355.4
0.2,0.4,0.2,1.0,51.1
0.2,0.4,0.2,0.8,64.9
0.2,0.4,0.2,0.6,-343.3
0.2,0.4,0.2,0.4,-335.0
0.2,0.4,0.2,0.2,-337.0
0.2,0.4,0.2,0.0,-321.1
0.2,0.4,0.0,1.0,-797.1
0.2,0.4,0.0,0.8,-5154.7
0.2,0.4,0.0,0.6,-224.5
0.2,0.4,0.0,0.4,-228.5
0.2,0.4,0.0,0.2,155.8
0.2,0.4,0.0,0.0,-6885.4
0.2,0.2,1.0,1.0,-7220.0
0.2,0.2,1.0,0.8,-7220.0
0.2,0.2,1.0,0.6,-7220.0
0.2,0.2,1.0,0.4,-7220.0
0.2,0.2,1.0,0.2,-7220.0
0.2,0.2,1.0,0.0,-7220.0
0.2,0.2,0.8,1.0,85.3
0.2,0.2,0.8,0.8,-995.1
0.2,0.2,0.8,0.6,-123.4
0.2,0.2,0.8,0.4,-107.2
0.2,0.2,0.8,0.2,-872.9
0.2,0.2,0.8,0.0,-994.3
0.2,0.2,0.6,1.0,40.0
0.2,0.2,0.6,0.8,-314.7
0.2,0.2,0.6,0.6,-374.4
0.2,0.2,0.6,0.4,-1043.0
0.2,0.2,0.6,0.2,-317.5
0.2,0.2,0.6,0.0,-1059.6
0.2,0.2,0.4,1.0,-406.4
0.2,0.2,0.4,0.8,-374.8
0.2,0.2,0.4,0.6,-364.9
0.2,0.2,0.4,0.4,-1043.4
0.2,0.2,0.4,0.2,-1043.5
0.2,0.2,0.4,0.0,-196.0
0.2,0.2,0.2,1.0,-1316.1
0.2,0.2,0.2,0.8,-417.4
0.2,0.2,0.2,0.6,-426.5
0.2,0.2,0.2,0.4,-368.6
0.2,0.2,0.2,0.2,-671.8
0.2,0.2,0.2,0.0,-2553.5
0.2,0.2,0.0,1.0,84.6
0.2,0.2,0.0,0.8,-6673.3
0.2,0.2,0.0,0.6,-375.8
0.2,0.2,0.0,0.4,-208.6
0.2,0.2,0.0,0.2,-205.1
0.2,0.2,0.0,0.0,-6822.1
0.2,0.0,1.0,1.0,-7220.0
0.2,0.0,1.0,0.8,-7220.0
0.2,0.0,1.0,0.6,-7220.0
0.2,0.0,1.0,0.4,-7220.0
0.2,0.0,1.0,0.2,-7220.0
0.2,0.0,1.0,0.0,-7220.0
0.2,0.0,0.8,1.0,70.6
0.2,0.0,0.8,0.8,-213.3
0.2,0.0,0.8,0.6,-110.6
0.2,0.0,0.8,0.4,-187.0
0.2,0.0,0.8,0.2,-203.7
0.2,0.0,0.8,0.0,-97.5
0.2,0.0,0.6,1.0,-173.3
0.2,0.0,0.6,0.8,-217.2
0.2,0.0,0.6,0.6,-210.7
0.2,0.0,0.6,0.4,-193.5
0.2,0.0,0.6,0.2,-226.1
0.2,0.0,0.6,0.0,-182.2
0.2,0.0,0.4,1.0,-355.8
0.2,0.0,0.4,0.8,-35.5
0.2,0.0,0.4,0.6,-215.0
0.2,0.0,0.4,0.4,-539.8
0.2,0.0,0.4,0.2,-399.8
0.2,0.0,0.4,0.0,-465.1
0.2,0.0,0.2,1.0,56.3
0.2,0.0,0.2,0.8,-215.0
0.2,0.0,0.2,0.6,-245.6
0.2,0.0,0.2,0.4,120.5
0.2,0.0,0.2,0.2,-219.1
0.2,0.0,0.2,0.0,122.6
0.2,0.0,0.0,1.0,166.1
0.2,0.0,0.0,0.8,106.1
0.2,0.0,0.0,0.6,-223.3
0.2,0.0,0.0,0.4,-102.8
0.2,0.0,0.0,0.2,43.8
0.2,0.0,0.0,0.0,-296.0
0.0,1.0,1.0,1.0,0.0
0.0,1.0,1.0,0.8,0.0
0.0,1.0,1.0,0.6,0.0
0.0,1.0,1.0,0.4,0.0
0.0,1.0,1.0,0.2,0.0
0.0,1.0,1.0,0.0,0.0
0.0,1.0,0.8,1.0,-225.7
0.0,1.0,0.8,0.8,-178.2
0.0,1.0,0.8,0.6,-163.2
0.0,1.0,0.8,0.4,-163.3
0.0,1.0,0.8,0.2,-158.3
0.0,1.0,0.8,0.0,-165.5
0.0,1.0,0.6,1.0,-205.0
0.0,1.0,0.6,0.8,-197.5
0.0,1.0,0.6,0.6,-592.4
0.0,1.0,0.6,0.4,-604.1
0.0,1.0,0.6,0.2,-575.3
0.0,1.0,0.6,0.0,-553.9
0.0,1.0,0.4,1.0,-213.1
0.0,1.0,0.4,0.8,-585.4
0.0,1.0,0.4,0.6,-567.0
0.0,1.0,0.4,0.4,-576.3
0.0,1.0,0.4,0.2,-570.7
0.0,1.0,0.4,0.0,-553.5
0.0,1.0,0.2,1.0,-312.4
0.0,1.0,0.2,0.8,-118.0
0.0,1.0,0.2,0.6,-413.1
0.0,1.0,0.2,0.4,-249.7
0.0,1.0,0.2,0.2,-576.9
0.0,1.0,0.2,0.0,-492.7
0.0,1.0,0.0,1.0,-158.6
0.0,1.0,0.0,0.8,-159.8
0.0,1.0,0.0,0.6,-126.4
0.0,1.0,0.0,0.4,-699.8
0.0,1.0,0.0,0.2,-578.1
0.0,1.0,0.0,0.0,-570.3
0.0,0.8,1.0,1.0,-617.6
0.0,0.8,1.0,0.8,-617.6
0.0,0.8,1.0,0.6,-615.3
0.0,0.8,1.0,0.4,-617.6
0.0,0.8,1.0,0.2,-617.6
0.0,0.8,1.0,0.0,-617.6
0.0,0.8,0.8,1.0,63.0
0.0,0.8,0.8,0.8,-488.8
0.0,0.8,0.8,0.6,-635.9
0.0,0.8,0.8,0.4,-845.1
0.0,0.8,0.8,0.2,-717.5
0.0,0.8,0.8,0.0,130.9
0.0,0.8,0.6,1.0,-754.0
0.0,0.8,0.6,0.8,-897.9
0.0,0.8,0.6,0.6,-671.9
0.0,0.8,0.6,0.4,-803.7
0.0,0.8,0.6,0.2,-974.8
0.0,0.8,0.6,0.0,-786.5
0.0,0.8,0.4,1.0,-491.0
0.0,0.8,0.4,0.8,-805.3
0.0,0.8,0.4,0.6,-835.6
0.0,0.8,0.4,0.4,-547.8
0.0,0.8,0.4,0.2,-816.3
0.0,0.8,0.4,0.0,-507.9
0.0,0.8,0.2,1.0,143.9
0.0,0.8,0.2,0.8,-659.5
0.0,0.8,0.2,0.6,-695.8
0.0,0.8,0.2,0.4,-523.6
0.0,0.8,0.2,0.2,-753.2
0.0,0.8,0.2,0.0,-584.0
0.0,0.8,0.0,1.0,-443.3
0.0,0.8,0.0,0.8,-452.7
0.0,0.8,0.0,0.6,-446.2
0.0,0.8,0.0,0.4,-637.4
0.0,0.8,0.0,0.2,-172.6
0.0,0.8,0.0,0.0,-324.9
0.0,0.6,1.0,1.0,-1499.5
0.0,0.6,1.0,0.8,-1499.5
0.0,0.6,1.0,0.6,-1499.5
0.0,0.6,1.0,0.4,-1499.5
0.0,0.6,1.0,0.2,-1499.5
0.0,0.6,1.0,0.0,-1499.5
0.0,0.6,0.8,1.0,95.7
0.0,0.6,0.8,0.8,-727.1
0.0,0.6,0.8,0.6,-636.5
0.0,0.6,0.8,0.4,-749.5
0.0,0.6,0.8,0.2,-634.8
0.0,0.6,0.8,0.0,-651.1
0.0,0.6,0.6,1.0,-640.0
0.0,0.6,0.6,0.8,-737.8
0.0,0.6,0.6,0.6,-640.6
0.0,0.6,0.6,0.4,-581.3
0.0,0.6,0.6,0.2,-894.8
0.0,0.6,0.6,0.0,-737.7
0.0,0.6,0.4,1.0,-671.3
0.0,0.6,0.4,0.8,-710.2
0.0,0.6,0.4,0.6,-601.1
0.0,0.6,0.4,0.4,-755.1
0.0,0.6,0.4,0.2,-733.3
0.0,0.6,0.4,0.0,-840.9
0.0,0.6,0.2,1.0,202.5
0.0,0.6,0.2,0.8,-509.5
0.0,0.6,0.2,0.6,-680.9
0.0,0.6,0.2,0.4,-645.8
0.0,0.6,0.2,0.2,-313.3
0.0,0.6,0.2,0.0,-567.8
0.0,0.6,0.0,1.0,-443.2
0.0,0.6,0.0,0.8,-543.4
0.0,0.6,0.0,0.6,-505.3
0.0,0.6,0.0,0.4,-160.0
0.0,0.6,0.0,0.2,-160.0
0.0,0.6,0.0,0.0,-165.9
0.0,0.4,1.0,1.0,-1501.1
0.0,0.4,1.0,0.8,-1501.1
0.0,0.4,1.0,0.6,-1501.1
0.0,0.4,1.0,0.4,-1501.1
0.0,0.4,1.0,0.2,-1501.1
0.0,0.4,1.0,0.0,-1501.1
0.0,0.4,0.8,1.0,111.6
0.0,0.4,0.8,0.8,-659.0
0.0,0.4,0.8,0.6,-617.1
0.0,0.4,0.8,0.4,-581.9
0.0,0.4,0.8,0.2,205.1
0.0,0.4,0.8,0.0,-462.9
0.0,0.4,0.6,1.0,-590.4
0.0,0.4,0.6,0.8,-246.8
0.0,0.4,0.6,0.6,-520.7
0.0,0.4,0.6,0.4,-682.1
0.0,0.4,0.6,0.2,-643.6
0.0,0.4,0.6,0.0,-838.8
0.0,0.4,0.4,1.0,-656.3
0.0,0.4,0.4,0.8,-840.1
0.0,0.4,0.4,0.6,-509.2
0.0,0.4,0.4,0.4,-930.0
0.0,0.4,0.4,0.2,-815.5
0.0,0.4,0.4,0.0,-983.6
0.0,0.4,0.2,1.0,192.7
0.0,0.4,0.2,0.8,-653.6
0.0,0.4,0.2,0.6,-443.8
0.0,0.4,0.2,0.4,-484.1
0.0,0.4,0.2,0.2,-552.8
0.0,0.4,0.2,0.0,-536.3
0.0,0.4,0.0,1.0,216.9
0.0,0.4,0.0,0.8,-163.2
0.0,0.4,0.0,0.6,-376.9
0.0,0.4,0.0,0.4,-160.0
0.0,0.4,0.0,0.2,-160.0
0.0,0.4,0.0,0.0,-161.1
0.0,0.2,1.0,1.0,-1498.4
0.0,0.2,1.0,0.8,-1498.4
0.0,0.2,1.0,0.6,-1498.4
0.0,0.2,1.0,0.4,-1498.4
0.0,0.2,1.0,0.2,-1498.4
0.0,0.2,1.0,0.0,-1498.4
0.0,0.2,0.8,1.0,-808.0
0.0,0.2,0.8,0.8,-804.0
0.0,0.2,0.8,0.6,-582.4
0.0,0.2,0.8,0.4,-561.0
0.0,0.2,0.8,0.2,-767.4
0.0,0.2,0.8,0.0,-648.1
0.0,0.2,0.6,1.0,-547.2
0.0,0.2,0.6,0.8,-854.8
0.0,0.2,0.6,0.6,-542.1
0.0,0.2,0.6,0.4,-712.7
0.0,0.2,0.6,0.2,-524.7
0.0,0.2,0.6,0.0,-668.0
0.0,0.2,0.4,1.0,-348.6
0.0,0.2,0.4,0.8,-572.6
0.0,0.2,0.4,0.6,-657.7
0.0,0.2,0.4,0.4,-673.3
0.0,0.2,0.4,0.2,-703.4
0.0,0.2,0.4,0.0,-597.5
0.0,0.2,0.2,1.0,80.1
0.0,0.2,0.2,0.8,-376.1
0.0,0.2,0.2,0.6,126.1
0.0,0.2,0.2,0.4,-693.0
0.0,0.2,0.2,0.2,-489.6
0.0,0.2,0.2,0.0,-371.9
0.0,0.2,0.0,1.0,-75.6
0.0,0.2,0.0,0.8,-649.5
0.0,0.2,0.0,0.6,-376.9
0.0,0.2,0.0,0.4,-655.8
0.0,0.2,0.0,0.2,-551.1
0.0,0.2,0.0,0.0,-445.9
0.0,0.0,1.0,1.0,-1140.8
0.0,0.0,1.0,0.8,-1140.8
0.0,0.0,1.0,0.6,-1140.8
0.0,0.0,1.0,0.4,-1140.8
0.0,0.0,1.0,0.2,-1140.8
0.0,0.0,1.0,0.0,-1140.8
0.0,0.0,0.8,1.0,-199.4
0.0,0.0,0.8,0.8,-275.8
0.0,0.0,0.8,0.6,-146.3
0.0,0.0,0.8,0.4,-134.0
0.0,0.0,0.8,0.2,17.1
0.0,0.0,0.8,0.0,-302.4
0.0,0.0,0.6,1.0,-444.0
0.0,0.0,0.6,0.8,165.0
0.0,0.0,0.6,0.6,-275.2
0.0,0.0,0.6,0.4,-437.8
0.0,0.0,0.6,0.2,-133.1
0.0,0.0,0.6,0.0,-410.5
0.0,0.0,0.4,1.0,-441.1
0.0,0.0,0.4,0.8,-188.5
0.0,0.0,0.4,0.6,-134.0
0.0,0.0,0.4,0.4,-104.9
0.0,0.0,0.4,0.2,-160.0
0.0,0.0,0.4,0.0,-76.9
0.0,0.0,0.2,1.0,35.6
0.0,0.0,0.2,0.8,-160.0
0.0,0.0,0.2,0.6,-222.1
0.0,0.0,0.2,0.4,-437.5
0.0,0.0,0.2,0.2,-388.1
0.0,0.0,0.2,0.0,-134.9
0.0,0.0,0.0,1.0,171.6
0.0,0.0,0.0,0.8,-20.9
0.0,0.0,0.0,0.6,-193.6
0.0,0.0,0.0,0.4,-374.8
0.0,0.0,0.0,0.2,119.1
0.0,0.0,0.0,0.0,172.1
