A Nodes Current_Node  Objective_Bounds Work  Incumbent BestBd   Gap  Depth Time     
     0     0 1221.77543    0  160 -332.10667 1221.77543   468%     -    0s
H    0     0                    -307.5058905 1221.77543   497%     -    0s
H    0     0                    -304.2555024 1221.77543   502%     -    0s
     0     0 1193.47295    0  143 -304.25550 1193.47295   492%     -    1s
     0     0 1173.14559    0  176 -304.25550 1173.14559   486%     -    2s
     0     0 1158.10345    0  195 -304.25550 1158.10345   481%     -    3s
     0     0 1138.86795    0  204 -304.25550 1138.86795   474%     -    4s
     0     0 1114.56053    0  290 -304.25550 1114.56053   466%     -    5s
     0     0 1096.16622    0  433 -304.25550 1096.16622   460%     -    6s
     0     0 1096.10951    0  433 -304.25550 1096.10951   460%     -    6s
     0     0 1094.47599    0  433 -304.25550 1094.47599   460%     -    6s
     0     0 1094.47599    0  433 -304.25550 1094.47599   460%     -    6s
H    0     0                    -302.8088358 1094.47599   461%     -    6s
H    0     0                    -247.6793757 1090.53324   540%     -    8s
     0     0 1064.46850    0  422 -247.67938 1064.46850   530%     -    8s
     0     0 1061.50649    0  422 -247.67938 1061.50649   529%     -    8s
     0     2 1061.50649    0  422 -247.67938 1061.50649   529%     -    9s
     3     8 1061.50649    2  407 -247.67938 1061.50649   529%  1033   12s
H   31    38                    -247.6793721 1061.50649   529%   726   15s
   104   111 1054.51405   19  263 -247.67937 1061.50649   529%   523   21s
H  106   111                    -205.0805845 1061.50649   618%   522   21s
H  108   111                      55.1294601 1061.50649  1825%   525   21s
H  140   145                      55.1294601 1061.50649  1825%   499   23s
   194   206  943.64005   27  300   55.12946 1061.50649  1825%   473   26s
H  262   265                     124.8165754 1061.50649   750%   444   29s
H  263   265                     172.1346798 1061.50649   517%   442   29s
   266   304  870.58811   36  360  172.13468 1061.50649   517%   442   30s
   659   683  656.79581   86  237  172.13468 1061.50649   517%   268   35s
   937   947  697.96247   99  223  172.13468 1061.50649   517%   253   41s
  1083  1117  694.81950  108  212  172.13468 1061.50649   517%   255   45s
  1334  1369  689.10551  129  191  172.13468 1061.50649   517%   253   50s
H 1481  1423                     204.3712350 1061.50649   419%   249   52s
  1579  1575  683.45698  151  168  204.37123 1061.50649   419%   248   55s
H 1816  1705                     205.3088619 1061.50649   417%   255   59s
  1822  1761  679.62774  173  146  205.30886 1061.50649   417%   255   61s
  2001  1955  677.49636  185  136  205.30886 1061.50649   417%   268   66s
  2175  2095  675.15114  198  123  205.30886 1061.50649   417%   275   70s
H 2362  2202                     205.8382447 1061.50649   416%   291   77s
H 2379  2202                     205.8630508 1061.50649   416%   291   77s
  2516  2438  669.62363  228   93  205.86305 1061.50649   416%   290   82s
  2635  2518  667.81061  237   84  205.86305 1061.50649   416%   291   85s
  2828  2679  664.61597  251   68  205.86305 1061.50649   416%   299   90s
  2987  2869  662.57282  264   54  205.86305 1061.50649   416%   307   96s
H 3284  2893                     241.4628834 1061.50649   340%   293   99s
  3361  2878  659.30861  275   41  241.46288 1061.50649   340%   291  102s
H 3426  2748                     281.0410683 1061.50649   278%   294  116s
  3427  2749  681.93896   50  422  281.04107 1061.50649   278%   294  122s
  3433  2756 1061.50649   11  176  281.04107 1061.50649   278%   296  127s
  3435  2759 1061.50649   12  174  281.04107 1061.50649   278%   296  130s
  3463  2781 1061.50649   15  167  281.04107 1061.50649   278%   295  135s
H 3574  2711                     281.0410684 1061.50649   278%   298  139s
  3585  2727 1060.06538   24  209  281.04107 1061.50649   278%   299  140s
  3637  2765 1001.11465   28  259  281.04107 1061.50649   278%   302  145s
  3673  2786 1007.48218   32  285  281.04107 1061.50649   278%   306  152s
  3694  2804 1004.97973   33  292  281.04107 1061.50649   278%   308  156s
  3859  2963  424.79333   42  248  281.04107 1061.50649   278%   308  160s
  3993  2971  784.55980   47  251  281.04107 1061.50649   278%   303  165s
H 3996  2839                     281.1293146 1061.50649   278%   303  165s
H 3998  2715                     281.1491655 1061.50649   278%   303  165s
  4021  2724  657.92176   49  238  281.14917 1061.50649   278%   305  171s
  4089  2758  618.52482   52  217  281.14917 1061.50649   278%   308  177s
  4265  2819  357.04304   55  179  281.14917 1061.50649   278%   309  181s
H 4308  2691                     284.5029377 1061.50649   273%   309  183s
  4314  2742  359.88125   56  230  284.50294 1061.50649   273%   309  185s
  4839  2997  340.52429   39  247  284.50294 1061.50649   273%   310  190s
  5510  3417  909.85230   23  153  284.50294 1061.50649   273%   299  195s
  6220  3574  374.73773   51  316  284.50294 1061.50649   273%   296  201s
  6667  3776  380.44124   86  244  284.50294 1061.50649   273%   300  206s
  6960  3831  301.82998   54  196  284.50294 1060.06987   273%   308  210s
  7488  3974  577.09071   36  145  284.50294 1045.38842   267%   310  218s
  7567  4216  895.93665   27  195  284.50294 1045.38842   267%   311  220s
  8049  4324  461.39075   48  274  284.50294 1045.38842   267%   309  226s
H 8117  4189                     284.5041240 1045.38842   267%   308  226s
  8431  4444  426.14428   66  238  284.50412 1042.36812   266%   305  230s
  8903  4603  481.46917   47  235  284.50412 1040.41589   266%   305  235s
  9441  4887  298.03410   52  248  284.50412 1034.24510   264%   307  240s
  9856  5007  658.69195   41  252  284.50412 1034.10542   263%   315  245s
 10503  5357  807.37646   26  224  284.50412 1033.57918   263%   329  252s
 10768  5483  601.85820   46  257  284.50412 1030.54991   262%   331  256s
 11353  5997     cutoff   58       284.50412 1028.72689   262%   335  274s
 11618  6193  726.30257   37  272  284.50412 1028.72689   262%   336  278s
 11944  6365  386.15185   46  331  284.50412 1028.72689   262%   337  282s
 12198  6646  356.54960   51  227  284.50412 1021.18009   259%   339  286s
 13024  7476  382.54451   46  181  284.50412 1016.41321   257%   343  294s
 13903  7668  860.76738   28  165  284.50412 1009.38401   255%   338  298s
 14213  7828  434.82940   42  302  284.50412 1007.06412   254%   339  302s
 14468  8177  300.59261   51  303  284.50412 1007.06412   254%   340  306s
 14995  8376  542.88382   34  268  284.50412 1002.92588   253%   339  311s
 15277  8723  311.02604   46  267  284.50412 1001.50119   252%   340  315s
 15886  8935 infeasible   38       284.50412  997.38900   251%   340  320s
 16646  9458  773.64837   29  211  284.50412  992.78726   249%   345  330s
 16952  9784  872.73787   33  190  284.50412  991.92870   249%   348  335s
 17828 10686  603.53321   48  249  284.50412  988.64188   247%   349  342s
 18757 11046  384.06697   52  190  284.50412  985.19924   246%   346  346s
 19345 11327  294.06305   49  293  284.50412  982.21639   245%   347  350s
 20295 12186  423.69516   51  270  284.50412  978.90048   244%   353  358s
 21110 12419  520.63886   47  273  284.50412  976.72297   243%   352  363s
 21485 12780  416.00355   43  258  284.50412  975.53811   243%   353  368s
 22055 12944  703.96981   31  318  284.50412  974.64005   243%   356  375s
 22338 13285  311.40480   48  296  284.50412  974.22142   242%   357  381s
 22913 13525  752.77682   40  195  284.50412  971.96195   242%   358  388s
 23228 13957  728.43343   44  215  284.50412  971.38366   241%   359  393s
 23840 14253  339.17757   41  279  284.50412  970.02918   241%   360  399s
 24324 14643  793.62279   22  151  284.50412  969.11416   241%   360  405s
 25018 14929  727.50328   29  227  284.50412  967.07461   240%   361  413s
H25401 14879                     285.8735908  967.07461   238%   363  573s
 25405 14882  412.68776   48  147  285.87359  967.07461   238%   363  576s
 25407 14883  495.32180   40  262  285.87359  967.07461   238%   363  580s
 25411 14886  310.63510   53  433  285.87359  967.07461   238%   363  588s
 25413 14887  299.08879   61  436  285.87359  967.07461   238%   363  593s
 25415 14889  687.15031   57  434  285.87359  967.07461   238%   363  598s
 25417 14890  505.24753   47  435  285.87359  967.07461   238%   363  603s
 25419 14891  692.54601   30  435  285.87359  967.07461   238%   363  608s
 25421 14893  814.10540   38  436  285.87359  967.07461   238%   363  612s
 25423 14894  444.83501   44  436  285.87359  967.07461   238%   363  617s
 25425 14895  837.85197   28  437  285.87359  967.07461   238%   363  622s
 25427 14897  820.70023   33  436  285.87359  967.07461   238%   363  628s
 25429 14898  578.86895   42  436  285.87359  967.07461   238%   363  633s
 25431 14899  575.94453   65  436  285.87359  967.07461   238%   363  638s
 25433 14901  808.11322   42  436  285.87359  967.07461   238%   363  643s
 25435 14902  549.68390   34  436  285.87359  967.07461   238%   363  649s
 25436 14903  311.03302  101  436  285.87359  967.07461   238%   363  650s
 25437 14903  862.41833   26  437  285.87359  967.07461   238%   363  658s
 25438 14904  918.20854   30  410  285.87359  967.07461   238%   363  661s
 25439 14905  591.13962   37  397  285.87359  967.07461   238%   363  669s
 25440 14905  862.64832   35  415  285.87359  967.07461   238%   362  673s
 25441 14906  450.96589   47  432  285.87359  967.07461   238%   362  678s
 25442 14907  467.61767   31  433  285.87359  967.07461   238%   362  680s
 25443 14907  424.64290   44  433  285.87359  967.07461   238%   362  685s
 25445 14909  674.51065   34  433  285.87359  967.07461   238%   362  691s
 25447 14910  760.95196   34  433  285.87359  967.07461   238%   362  698s
 25449 14911  417.53030   42  433  285.87359  967.07461   238%   362  702s
 25451 14913  688.54383   35  433  285.87359  967.07461   238%   362  707s
 25453 14914  353.89415   48  433  285.87359  967.07461   238%   362  712s
 25456 14916  783.63744   29  433  285.87359  967.07461   238%   362  715s
 25459 14918  479.92505   88  433  285.87359  967.07461   238%   362  722s
 25461 14919  539.04170   41  434  285.87359  967.07461   238%   362  725s
 25464 14921  310.80128   45  433  285.87359  967.07461   238%   362  730s
 25467 14923  635.10190   41  433  285.87359  967.07461   238%   362  737s
H25468 14176                     285.8735909  967.07461   238%   362  741s
 25471 14178  294.35148   50  434  285.87359  967.07461   238%   362  747s
 25473 14179  835.29641   27  434  285.87359  967.07461   238%   362  750s
 25475 14181  562.17181   73  434  285.87359  967.07461   238%   362  756s
 25477 14182  423.74535   43  434  285.87359  967.07461   238%   362  760s
 25479 14183  553.87834   47  433  285.87359  967.07461   238%   362  765s
 25482 14185  460.61431   44  434  285.87359  967.07461   238%   362  770s
 25484 14187  354.08162   48  434  285.87359  967.07461   238%   362  775s
 25486 14188  307.08830   49  434  285.87359  967.07461   238%   362  780s
 25488 14189  376.76462   38  434  285.87359  967.07461   238%   362  785s
 25491 14191  435.39667   43  434  285.87359  967.07461   238%   362  793s
 25492 14192  884.30825   37  434  285.87359  967.07461   238%   362  795s
 25495 14194  307.85980  126  434  285.87359  967.07461   238%   362  803s
 25496 14195  798.07185   33  434  285.87359  967.07461   238%   362  805s
 25498 14196  309.94578   48  434  285.87359  967.07461   238%   362  814s
 25499 14197  899.35225   31  434  285.87359  967.07461   238%   362  815s
 25501 14198  873.38883   30  433  285.87359  967.07461   238%   362  820s
 25503 14199  583.55231   44  419  285.87359  967.07461   238%   362  825s
 25506 14201  382.80094   45  419  285.87359  967.07461   238%   362  833s
 25507 14202  495.32180   40  419  285.87359  967.07461   238%   362  835s
 25510 14204  333.53719   36  419  285.87359  967.07461   238%   361  842s
 25512 14205  688.85518   39  419  285.87359  967.07461   238%   361  845s
 25516 14208  758.30259   30  419  285.87359  967.07461   238%   361  852s
 25518 14209  688.08170   51  401  285.87359  967.07461   238%   361  856s
 25520 14211  665.32907   31  401  285.87359  967.07461   238%   361  861s
 25523 14213  444.83501   44  401  285.87359  967.07461   238%   361  865s
 25525 14214  837.85197   28  401  285.87359  967.07461   238%   361  870s
 25527 14215  820.70023   33  402  285.87359  967.07461   238%   361  875s
 25529 14217  578.86895   42  401  285.87359  967.07461   238%   361  881s
 25532 14219  824.59124   24  401  285.87359  967.07461   238%   361  888s
 25533 14219  808.11322   42  401  285.87359  967.07461   238%   361  890s
H25535 13508                     285.8735910  967.07461   238%   361  897s
 25538 13510  918.20854   30  401  285.87359  967.07461   238%   361  901s
 25540 13511  862.64832   35  401  285.87359  967.07461   238%   361  907s
 25542 13512  467.61767   31  401  285.87359  967.07461   238%   361  911s
 25544 13514  299.70142   55  400  285.87359  967.07461   238%   361  916s
 25546 13515  641.48772   44  401  285.87359  967.07461   238%   361  922s
 25548 13516  363.66875   50  401  285.87359  967.07461   238%   361  926s
 25550 13518  402.55834   31  401  285.87359  967.07461   238%   361  930s
 25553 13520  353.89415   48  400  285.87359  967.07461   238%   361  935s
 25555 13521  287.37858   86  400  285.87359  967.07461   238%   361  940s
 25558 13523  479.89674   90  400  285.87359  967.07461   238%   361  947s
 25560 13524  291.89437   75  400  285.87359  967.07461   238%   361  951s
 25564 13527  310.80128   45  400  285.87359  967.07461   238%   361  957s
 25566 13528  376.22237   48  400  285.87359  967.07461   238%   361  960s
 25570 13531  583.97476   36  412  285.87359  967.07461   238%   361  966s
 25574 13534  580.12332   34  396  285.87359  967.07461   238%   361  973s
 25576 13535  562.17181   73  396  285.87359  967.07461   238%   361  977s
 25578 13536  942.83580   32  396  285.87359  967.07461   238%   361  980s
 25580 13538  293.95986   61  396  285.87359  967.07461   238%   361  985s
 25584 13540  354.08162   48  396  285.87359  967.07461   238%   360  993s
 25586 13542  307.08830   49  397  285.87359  967.07461   238%   360  998s
 25588 13543  376.76462   38  397  285.87359  967.07461   238%   360 1002s
H25589 12864                     288.4322299  967.07461   235%   360 1006s
 25593 12866  492.97775   46  396  288.43223  967.07461   235%   360 1011s
 25596 12868  798.07185   33  396  288.43223  967.07461   235%   360 1018s
 25598 12870  309.94578   48  396  288.43223  967.07461   235%   360 1022s
 25600 12871  292.21297  130  396  288.43223  967.07461   235%   360 1027s
 25602 12872  289.21558   65  396  288.43223  967.07461   235%   360 1031s
 25604 12874  492.46397   37  396  288.43223  967.07461   235%   360 1037s
 25605 12874  412.68776   48  396  288.43223  967.07461   235%   360 1047s
 25607 12879  967.07461   21  392  288.43223  967.07461   235%   362 1073s
 25609 12882  967.07461   22  391  288.43223  967.07461   235%   362 1099s
 25613 12887  967.07461   23  391  288.43223  967.07461   235%   362 1119s
 25619 12891  967.07461   24  391  288.43223  967.07461   235%   362 1145s
 25625 12895  967.07461   24  369  288.43223  967.07461   235%   362 1173s
 25631 12899  967.07461   25  388  288.43223  967.07461   235%   362 1175s
 25637 12907  967.07461   25  358  288.43223  967.07461   235%   362 1180s
 25659 12921  967.07461   27  349  288.43223  967.07461   235%   363 1186s
 25669 12931  967.07461   28  370  288.43223  967.07461   235%   363 1190s
 25682 12935  967.07461   29  347  288.43223  967.07461   235%   363 1196s
 25690 12948  967.07461   30  366  288.43223  967.07461   235%   363 1200s
 25724 12970  967.07461   33  359  288.43223  967.07461   235%   364 1208s
 25739 12979  967.07461   35  356  288.43223  967.07461   235%   364 1210s
 25764 12996  967.07461   37  333  288.43223  967.07461   235%   365 1218s
 25779 13010  967.07461   38  312  288.43223  967.07461   235%   366 1220s
 25817 13031  623.04929   42  269  288.43223  967.07461   235%   367 1226s
 25855 13067  769.80784   48  269  288.43223  967.07461   235%   368 1231s
 25881 13086  655.75096   53  230  288.43223  967.07461   235%   369 1235s
 25952 13132  523.39217   61  198  288.43223  967.07461   235%   371 1240s
 26020 13152     cutoff   71       288.43223  967.07461   235%   372 1248s
 26050 13177  967.07461   29  335  288.43223  967.07461   235%   374 1253s
 26089 13192  967.07461   33  326  288.43223  967.07461   235%   375 1257s
H26103 12539                     288.4322299  967.07461   235%   375 1257s
 26126 12563  967.07461   37  309  288.43223  967.07461   235%   375 1261s
 26219 12619  943.73004   46  273  288.43223  967.07461   235%   376 1267s
 26281 12645  461.57625   55  245  288.43223  967.07461   235%   377 1272s
 26365 12643  967.07461   27  377  288.43223  967.07461   235%   377 1277s
 26425 12665  967.07461   28  364  288.43223  967.07461   235%   378 1285s
 26476 12703  967.07461   29  332  288.43223  967.07461   235%   378 1290s
 26541 12747  967.07461   34  354  288.43223  967.07461   235%   378 1295s
 26694 12778  957.50338   42  319  288.43223  967.07461   235%   379 1305s
 26712 12832  918.96759   44  302  288.43223  967.07461   235%   379 1311s
 26785 12880  862.78605   51  230  288.43223  967.07461   235%   379 1315s
 26858 12942  411.67237   54  202  288.43223  967.07461   235%   380 1321s
 26969 12998  468.94958   62  223  288.43223  967.07461   235%   380 1325s
 27181 13140  967.07461   27  367  288.43223  967.07461   235%   380 1332s
 27328 13246  967.07461   33  343  288.43223  967.07461   235%   380 1336s
 27679 13479  577.55964   47  202  288.43223  967.07461   235%   378 1345s
 27967 13517  543.80926   43  297  288.43223  967.07461   235%   379 1355s
 28105 13539  752.11463   32  315  288.43223  967.07461   235%   380 1360s
 28192 13558  634.46159   40  274  288.43223  967.07461   235%   381 1367s
 28284 13590  967.07461   35  335  288.43223  967.07461   235%   383 1374s
 28357 13625  815.22194   47  372  288.43223  967.07461   235%   384 1381s
 28462 13664  387.72984   56  339  288.43223  967.07461   235%   386 1389s
 28557 13693  352.15080   68  300  288.43223  967.07461   235%   387 1398s
 28654 13725  349.09856   76  291  288.43223  967.07461   235%   388 1409s
 28757 13769  342.69251   80  285  288.43223  967.07461   235%   390 1420s
 28899 13786  340.98607   82  285  288.43223  967.07461   235%   391 1431s
 28982 13864  322.52299  106  264  288.43223  967.07461   235%   392 1438s
 29155 13930  318.58036  144  228  288.43223  967.07461   235%   393 1444s
 29335 14020  316.10830  183  193  288.43223  967.07461   235%   394 1451s
 29531 14098  308.33281  236  143  288.43223  967.07461   235%   395 1459s
 29738 14211  299.91575  288   91  288.43223  967.07461   235%   395 1469s
H29779 13462                     292.4308875  967.07461   231%   395 1469s
 29974 13466  967.07461   30  363  292.43089  967.07461   231%   396 1477s
 30133 13505  455.17834   50  207  292.43089  967.07461   231%   398 1486s
 30298 13570  826.98927   41  263  292.43089  967.07461   231%   401 1496s
 30473 13641  967.07461   37  278  292.43089  967.07461   231%   404 1507s
 30638 13689  804.06310   47  244  292.43089  967.07461   231%   407 1523s
 30787 13765  581.44026   61  278  292.43089  967.07461   231%   409 1536s
 30934 13836  967.07461   37  317  292.43089  967.07461   231%   413 1551s
 31097 13969  967.07461   39  298  292.43089  967.07461   231%   417 1566s
H31368 13499                     292.4316253  967.07461   231%   418 1580s
 31646 13639  714.26038   46  263  292.43163  967.07461   231%   418 1594s
 31998 13652  422.81659   59  224  292.43163  967.07461   231%   420 1608s
 32216 13741  692.76102   35  305  292.43163  967.07461   231%   423 1624s
 32462 13803  337.46190   57  258  292.43163  967.07461   231%   426 1639s
 32673 13915  430.90488   47  296  292.43163  967.07461   231%   429 1657s
 32935 13995  398.78632   49  277  292.43163  967.07461   231%   431 1676s
 33160 14154  345.11423   64  254  292.43163  967.07461   231%   434 1697s
 33473 14334  309.57885  167  160  292.43163  967.07461   231%   436 1710s
 34032 14270  820.91494   37  305  292.43163  967.07461   231%   436 1732s
 34242 14390  911.93373   39  337  292.43163  967.07461   231%   439 1753s
 34544 14427  923.12483   51  313  292.43163  967.07461   231%   442 1774s
 34872 14527  896.22447   45  317  292.43163  967.07461   231%   446 1796s
H34938 13933                     292.6495347  967.07461   230%   447 1796s
 35155 14098  927.21166   39  359  292.64953  967.07461   230%   449 1818s
 35511 14205  823.95443   53  244  292.64953  967.07461   230%   452 1843s
 35821 14190     cutoff   67       292.64953  967.07461   230%   456 1987s
 35929 14466  647.48550   43  259  292.64953  967.07461   230%   458 2014s
H36137 13869                     292.6513240  967.07461   230%   460 2014s
 36387 14018  934.10203   43  258  292.65132  967.07461   230%   461 2041s
 36761 14132  897.70010   36  308  292.65132  967.07461   230%   466 2061s
 37141 14317  935.62202   40  294  292.65132  967.07461   230%   470 2085s
H37326 13753                     292.6724319  967.07461   230%   472 2085s
 37556 13987  470.82408   47  224  292.67243  967.07461   230%   475 2110s
 38048 14271  586.68098   52  241  292.67243  967.07461   230%   480 2149s
 38677 14351  861.81676   38  333  292.67243  967.07461   230%   486 2186s
 39160 14515     cutoff   56       292.67243  967.07461   230%   491 2214s
 39697 14714  765.04976   49  283  292.67243  967.07461   230%   495 2248s
H40283 14443                     292.6758554  967.07461   230%   500 2289s
H40392 13954                     292.6780919  967.07461   230%   501 2289s
 40973 14155     cutoff   54       292.67809  967.07461   230%   505 2341s
 41622 14340  931.19198   38  333  292.67809  967.07461   230%   510 2377s
H42260 14165                     292.6785010  967.07461   230%   515 2415s
H42376 13711                     292.8019107  967.07461   230%   516 2415s
 42932 13881  418.71666   55  263  292.80191  967.07461   230%   520 2460s
 43578 14090  967.07461   37  326  292.80191  967.07461   230%   524 2506s
 44246 14427  890.06397   39  312  292.80191  967.07461   230%   527 2557s
 44945 14582  334.43782   41  243  292.80191  967.07461   230%   529 2590s
 45483 14765  560.20303   46  206  292.80191  967.07461   230%   534 2634s
 46029 14948  819.13115   46  243  292.80191  967.07461   230%   538 2687s
H46271 14481                     292.8025090  967.07461   230%   540 2687s
H46383 14075                     292.8025094  967.07461   230%   541 2687s
 46574 14405  651.55992   49  288  292.80251  967.07461   230%   542 2726s
 47300 14760  696.97811   51  298  292.80251  967.07461   230%   545 2777s
 47919 15197  728.74849   38  318  292.80251  967.07461   230%   548 2829s
H48572 15615                     292.8032840  967.07461   230%   549 2873s
 49163 16033  928.79885   39  312  292.80328  967.07461   230%   552 2921s
 49696 16339  601.23890   58  312  292.80328  967.07461   230%   557 2957s
 50238 16661  344.89793   44  286  292.80328  967.07461   230%   561 3003s
 50860 17037  799.60178   48  293  292.80328  967.07461   230%   565 3060s
 51480 17363  667.07189   44  236  292.80328  967.07461   230%   569 3100s
 52072 17670  928.21099   37  325  292.80328  967.07461   230%   573 3155s
 52575 18112  674.17862   45  265  292.80328  967.07461   230%   577 3211s
 53292 18550  464.78903   55  269  292.80328  967.07461   230%   580 3262s
H53481 18550                     292.8032856  967.07461   230%   582 3262s
 53916 18984  444.08778   59  224  292.80329  967.07461   230%   584 3322s
 54573 19435  636.45581   53  243  292.80329  967.07461   230%   587 3370s
 55280 19906  546.08507   43  302  292.80329  967.07461   230%   591 3425s
 55963 20272  558.17976   43  223  292.80329  967.07461   230%   594 3462s
 56560 20655  967.07461   40  303  292.80329  967.07461   230%   597 3512s
 57199 21081  630.85408   43  290  292.80329  967.07461   230%   599 3562s
 57926 21467  640.89027   45  247  292.80329  967.07461   230%   602 3602s
 58618 21842  892.42756   39  308  292.80329  967.07461   230%   604 3649s
 59253 22279  888.82193   40  275  292.80329  967.07461   230%   606 3692s
 59969 22644     cutoff   59       292.80329  967.07461   230%   608 3732s
 60586 23036  858.40486   36  326  292.80329  967.07461   230%   610 3781s
 61229 23483  407.64199   49  211  292.80329  967.07461   230%   613 3826s
 61924 23788  438.05773   56  247  292.80329  967.07461   230%   615 3870s
 62556 24120  458.31029   55  310  292.80329  967.07461   230%   617 3922s
 63133 24469  326.71364   50  241  292.80329  967.07461   230%   619 3969s
 63765 24842  423.41387   53  307  292.80329  967.07461   230%   621 4027s
 64465 25191  615.99390   56  330  292.80329  967.07461   230%   624 4064s
 64990 25573  689.59375   52  261  292.80329  967.07461   230%   626 4110s
 65585 25880  967.07461   40  338  292.80329  967.07461   230%   628 4161s
 66295 26217     cutoff   46       292.80329  967.07461   230%   630 4204s
 66851 26530  530.11052   56  334  292.80329  967.07461   230%   631 4251s
 67427 26945  724.01621   53  241  292.80329  967.07461   230%   633 4301s
 68171 27304  595.19765   60  267  292.80329  967.07461   230%   635 4336s
 68775 27657  602.98085   50  254  292.80329  967.07461   230%   637 4385s
 69377 27996     cutoff   52       292.80329  967.07461   230%   638 4431s
 69989 28360     cutoff   63       292.80329  967.07461   230%   640 4469s
 70591 28750  294.04265   53  231  292.80329  967.07461   230%   641 4521s
 71223 29043     cutoff   51       292.80329  967.07461   230%   643 4559s
 71797 29490  330.52991   42  299  292.80329  967.07461   230%   644 4599s
 72577 29893  690.71688   40  323  292.80329  967.07461   230%   643 4649s
 73198 30336  467.68322   54  168  292.80329  967.07461   230%   645 4684s
 73907 30690  891.49413   43  321  292.80329  967.07461   230%   646 4727s
 74563 31089  493.49344   48  268  292.80329  967.07461   230%   647 4778s
 75109 31502  595.29346   54  242  292.80329  967.07461   230%   649 4815s
 75697 31808  709.04866   55  323  292.80329  967.07461   230%   650 4857s
 76240 32074  708.83971   43  275  292.80329  967.07461   230%   651 4907s
 76833 32413  583.63887   46  322  292.80329  967.07461   230%   653 4958s
 77509 32868     cutoff   48       292.80329  967.07461   230%   654 5005s
 78233 33137  438.70642   47  226  292.80329  967.07461   230%   655 5053s
 78726 33472  535.90664   46  337  292.80329  967.07461   230%   656 5096s
 79281 33769  876.97723   42  303  292.80329  967.07461   230%   657 5142s
 79799 34090  635.48290   52  305  292.80329  967.07461   230%   658 5188s
 80361 34386  798.24211   36  301  292.80329  967.07461   230%   659 5230s
 80886 34684  883.81020   30  294  292.80329  967.07461   230%   661 5279s
 81566 35022  301.35027   60  211  292.80329  967.07461   230%   662 5323s
 82094 35354  352.04049   56  296  292.80329  967.07461   230%   663 5367s
 82633 35716  805.83210   47  335  292.80329  967.07461   230%   664 5422s
 83217 36115  644.11265   44  314  292.80329  967.07461   230%   665 5460s
 83914 36471  853.39181   44  266  292.80329  967.07461   230%   666 5508s
 84530 36882  810.29410   41  249  292.80329  967.07461   230%   667 5564s
 85213 37289  639.18521   49  231  292.80329  967.07461   230%   668 5608s
 85815 37614  855.78484   41  310  292.80329  967.07461   230%   669 5658s
 86504 38028  829.75282   45  314  292.80329  967.07461   230%   669 5699s
 87216 38431  834.25427   36  343  292.80329  967.07461   230%   670 5747s
 87838 38752  402.05785   44  224  292.80329  967.07461   230%   671 5794s
 88407 39104  659.85396   52  276  292.80329  967.07461   230%   672 5833s
 89031 39566  495.84900   63  306  292.80329  967.07461   230%   673 5883s
 89747 39892     cutoff   61       292.80329  967.07461   230%   674 5938s
 90455 40245  717.49209   47  278  292.80329  967.07461   230%   675 5980s
 91022 40563  774.47947   47  289  292.80329  967.07461   230%   676 6029s
 91553 40875  567.44784   48  243  292.80329  967.07461   230%   677 6080s
 92161 41205  855.01404   41  244  292.80329  967.07461   230%   678 6132s
 92695 41534     cutoff   45       292.80329  967.07461   230%   679 6183s
 93246 41911  409.79635   48  236  292.80329  967.07461   230%   680 6229s
 93895 42231  488.86394   61  252  292.80329  967.07461   230%   681 6282s
 94558 42641  383.40755   53  231  292.80329  967.07461   230%   681 6333s
 95141 42988  609.78156   53  278  292.80329  967.07461   230%   682 6383s
 95672 43331  929.40195   36  348  292.80329  967.07461   230%   683 6438s
 96272 43697  810.75698   40  306  292.80329  967.07461   230%   684 6483s
 96952 44040  936.38170   33  311  292.80329  967.07461   230%   685 6535s
 97526 44372  840.25839   37  307  292.80329  967.07461   230%   685 6572s
 98054 44678  869.30905   40  346  292.80329  967.07461   230%   686 6619s
 98643 44980     cutoff   46       292.80329  967.07461   230%   687 6670s
 99161 45214  916.35505   50  305  292.80329  967.07461   230%   687 6720s
 99618 45577  557.99537   48  237  292.80329  967.07461   230%   688 6778s
 100197 45922  384.08688   56  230  292.80329  967.07461   230%   690 6820s
 100806 46270  848.21117   42  251  292.80329  967.07461   230%   690 6869s
 101427 46580  714.12789   48  289  292.80329  967.07461   230%   691 6920s
 101937 46894  720.33208   50  221  292.80329  967.07461   230%   692 6963s
 102572 47246  534.91947   50  238  292.80329  967.07461   230%   692 7020s
 103296 47504  654.03204   58  315  292.80329  967.07461   230%   693 7060s
 103808 47822  659.67502   56  285  292.80329  967.07461   230%   693 7100s
 104357 48222  332.72030   56  191  292.80329  966.69414   230%   694 7150s
 104970 48502  451.87168   51  270  292.80329  966.37505   230%   695 7197s
 105510 48799  350.39067   53  165  292.80329  965.84184   230%   696 7248s
 106170 49136  356.55222   37  181  292.80329  965.47422   230%   696 7298s
 106792 49470  805.11613   37  308  292.80329  964.96139   230%   697 7336s
 107418 49775  752.26777   52  239  292.80329  964.69983   229%   697 7387s
 107997 50128  921.82237   37  342  292.80329  964.23619   229%   698 7428s
 108535 50445  792.72797   52  303  292.80329  964.02674   229%   699 7473s
 109050 50767  456.46859   53  314  292.80329  963.63228   229%   700 7526s
 109723 51122  361.75278   54  252  292.80329  962.84554   229%   700 7564s
 109991 51122  628.35423   56  313  292.80329  962.61112   229%   701 7565s
 110223 51525  710.96217   40  304  292.80329  962.32377   229%   701 7610s
 110787 51863  838.05716   49  311  292.80329  962.03783   229%   702 7665s
 111445 52168  814.81691   43  273  292.80329  961.57363   228%   703 7713s
 111999 52473  926.24801   37  353  292.80329  961.13040   228%   704 7766s
 112565 52796  832.79365   46  314  292.80329  960.43303   228%   705 7811s
 113118 53147  336.54566   65  241  292.80329  960.03904   228%   706 7854s
 113685 53480  469.72926   61  320  292.80329  959.67141   228%   706 7906s
 114359 53938  383.72488   52  145  292.80329  959.28529   228%   707 7956s
 115067 54238  633.71566   50  324  292.80329  958.60066   227%   707 8009s
 115603 54617     cutoff   51       292.80329  958.28382   227%   708 8064s
 116281 55012  852.25273   33  279  292.80329  957.73721   227%   709 8114s
 116944 55408  559.73772   51  317  292.80329  956.98357   227%   709 8173s
 117647 55815  687.39402   54  282  292.80329  956.63619   227%   709 8222s
 118194 56130  503.48186   59  293  292.80329  956.57162   227%   710 8277s
 118798 56506  717.22059   50  287  292.80329  955.98551   226%   711 8327s
 119514 56856  484.42761   50  188  292.80329  955.53185   226%   712 8381s
 120118 57239     cutoff   56       292.80329  955.07769   226%   712 8431s
 120626 57670  835.63753   42  334  292.80329  954.71023   226%   713 8485s
 121256 57989  630.67137   45  286  292.80329  954.33619   226%   714 8542s
 121793 58350  450.75486   37  288  292.80329  953.98091   226%   715 8588s
 122414 58756  806.36559   35  266  292.80329  953.54068   226%   716 8644s
 123074 59078  546.69460   53  322  292.80329  953.18502   226%   717 8683s
 123650 59430  317.53579   51  278  292.80329  952.89699   225%   717 8736s
 124249 59756     cutoff   53       292.80329  952.57040   225%   718 8796s
 124835 60160  642.67197   42  251  292.80329  952.25271   225%   719 8847s
 125409 60531  702.22335   56  293  292.80329  951.82682   225%   720 8904s
 126100 60880  412.34085   61  237  292.80329  951.24203   225%   720 8948s
 126687 61261  423.88624   60  297  292.80329  950.83017   225%   721 9004s
 127362 61632  510.76417   52  238  292.80329  950.42341   225%   721 9048s
 128040 61987     cutoff   54       292.80329  950.11625   224%   722 9105s
 128520 62517     cutoff   52       292.80329  949.89923   224%   723 9165s
 129278 62983  560.75777   60  277  292.80329  949.49973   224%   723 9222s
 130113 63309  729.22103   50  244  292.80329  949.34538   224%   723 9274s
 130760 63685  734.42309   45  338  292.80329  948.99607   224%   724 9318s
 131323 64060  849.89132   38  283  292.80329  948.73853   224%   725 9369s
 131908 64315     cutoff   53       292.80329  948.36798   224%   725 9419s
 132665 64568  599.35223   52  194  292.80329  948.23173   224%   725 9470s
 133313 64919  812.60404   53  245  292.80329  947.73298   224%   725 9514s
 133938 65186  724.46943   43  303  292.80329  947.36814   224%   726 9560s
 134507 65490  828.40709   42  302  292.80329  946.87172   223%   726 9612s
 134977 65820  620.05835   54  299  292.80329  946.51473   223%   727 9650s
 135538 66072  304.41423   55  244  292.80329  946.18127   223%   728 9699s
 136087 66467  396.60578   57  205  292.80329  945.97619   223%   728 9753s
 136754 66775  654.74954   49  250  292.80329  945.57935   223%   728 9797s
 137330 67059  402.23443   54  253  292.80329  945.18801   223%   729 9855s
 137902 67393  720.19665   49  288  292.80329  944.63148   223%   729 9898s
 138481 67720  820.06702   41  237  292.80329  944.30755   223%   729 9952s
 139016 68062  402.82547   57  260  292.80329  944.04680   222%   730 9995s
 139649 68485  302.21533   54  162  292.80329  943.60534   222%   730 10039s
 140342 68858  417.57423   67  224  292.80329  943.11092   222%   731 10094s
 140936 69246  552.40437   58  306  292.80329  942.68280   222%   731 10136s
 141549 69547  423.33036   40  281  292.80329  942.39560   222%   732 10190s
 142181 69819  387.82840   46  270  292.80329  942.21330   222%   732 10239s
 142723 70194  775.53966   47  234  292.80329  941.86997   222%   732 10287s
 143431 70487  910.31256   41  251  292.80329  941.59128   222%   733 10343s
 144016 70944  503.93238   45  271  292.80329  941.27108   221%   733 10381s
 144705 71292  736.00726   43  247  292.80329  940.83233   221%   733 10433s
 145310 71636  402.30848   45  204  292.80329  940.55714   221%   734 10474s
 145909 71942  831.23126   41  332  292.80329  940.10431   221%   734 10519s
 146445 72250  407.47088   62  316  292.80329  939.65783   221%   734 10573s
 147001 72575  717.34561   52  279  292.80329  939.31728   221%   735 10614s
H147192 72567                     292.8529803  939.26199   221%   735 10614s
 147593 72812  815.07465   48  290  292.85298  938.89619   221%   735 10662s
 148114 73089  533.73320   60  262  292.85298  938.51769   220%   735 10715s
 148716 73413  514.98667   48  266  292.85298  938.14318   220%   735 10767s
 149389 73791  430.74318   57  186  292.85298  937.45421   220%   735 10821s
 149988 74145  308.59331   67  236  292.85298  937.16877   220%   735 10870s
 150642 74497  336.26996   52  265  292.85298  936.91663   220%   736 10923s
 151252 74854  597.06030   47  251  292.85298  936.67772   220%   736 10970s
 151833 75191  657.43995   53  294  292.85298  936.47646   220%   737 11019s
 152428 75559  475.72965   54  267  292.85298  936.29810   220%   737 11069s
 153097 75799  325.72953   63  288  292.85298  936.00997   220%   737 11111s
 153539 76191  613.68785   55  265  292.85298  935.72521   220%   738 11168s
 154128 76571  356.46118   59  211  292.85298  935.31184   219%   738 11209s
 154789 76917  724.25244   41  325  292.85298  934.92655   219%   738 11261s
 155429 77199  548.47870   43  328  292.85298  934.53156   219%   739 11313s
 155958 77550  558.54043   44  202  292.85298  934.24356   219%   739 11358s
 156595 77877  592.75085   54  269  292.85298  933.69429   219%   739 11411s
 157239 78276     cutoff   54       292.85298  933.39720   219%   739 11462s
 157805 78610  914.73377   38  338  292.85298  933.20428   219%   740 11514s
 158341 78890  465.04600   56  253  292.85298  933.02405   219%   741 11569s
 158978 79165  704.91572   51  220  292.85298  932.65535   218%   741 11620s
 159539 79538  649.14211   49  263  292.85298  932.34229   218%   742 11676s
 160166 79888  601.74266   52  271  292.85298  932.00492   218%   742 11726s
 160754 80227  295.79855   68  171  292.85298  931.80577   218%   742 11781s
 161376 80648  761.48635   54  292  292.85298  931.51749   218%   743 11821s
 161960 80953  586.51996   53  235  292.85298  931.45005   218%   743 11878s
 162563 81277     cutoff   46       292.85298  931.14566   218%   744 11924s
 163146 81611  911.30155   39  302  292.85298  930.72080   218%   744 11972s
 163766 81933     cutoff   56       292.85298  930.24070   218%   745 12023s
 164401 82299  867.55530   35  301  292.85298  929.77656   217%   745 12071s
 165014 82659  367.00055   58  294  292.85298  929.44270   217%   745 12125s
 165744 82971  792.52685   39  318  292.85298  929.29031   217%   745 12167s
 166384 83237  696.05256   43  248  292.85298  928.92142   217%   746 12215s
 167013 83532  304.02798   58  269  292.85298  928.69790   217%   746 12270s
 167580 83699  848.69481   42  291  292.85298  928.21002   217%   746 12305s
 167856 84066  592.37569   43  256  292.85298  928.06484   217%   746 12369s
 168604 84476  828.77362   43  263  292.85298  927.56129   217%   747 12422s
 169259 84872  517.80966   55  266  292.85298  927.23449   217%   747 12480s
 169955 85183  733.70000   43  318  292.85298  926.90013   217%   747 12529s
 170519 85543  312.30053   48  274  292.85298  926.63720   216%   748 12582s
 171187 85912  750.89296   49  275  292.85298  926.28386   216%   748 12640s
 171832 86212  340.11271   59  302  292.85298  925.81760   216%   748 12685s
 172415 86577  764.10183   41  275  292.85298  925.69486   216%   749 12743s
 173000 86876  666.32322   50  275  292.85298  925.46957   216%   749 12794s
 173554 87187     cutoff   59       292.85298  925.06771   216%   750 12852s
 174180 87555  777.56174   39  245  292.85298  924.81526   216%   750 12904s
 174813 87931  429.24622   47  306  292.85298  924.30855   216%   750 12959s
 175509 88308  885.81748   36  338  292.85298  923.96160   216%   750 13015s
 176088 88637  569.50176   58  255  292.85298  923.74460   215%   751 13067s
 176643 88988  862.78954   50  311  292.85298  923.34458   215%   751 13127s
 177275 89310  834.30742   46  262  292.85298  923.09479   215%   751 13180s
 177922 89558  874.20956   38  313  292.85298  922.89407   215%   752 13238s
 178442 89802     cutoff   46       292.85298  922.79519   215%   752 13292s
 179047 90076     cutoff   50       292.85298  922.44108   215%   753 13340s
 179583 90456  792.75899   50  314  292.85298  922.11245   215%   753 13396s
 180447 90791  595.84644   51  285  292.85298  921.76759   215%   753 13446s
 180973 91113  506.86651   58  297  292.85298  921.58455   215%   753 13492s
 181467 91453  416.11567   50  232  292.85298  921.42340   215%   754 13538s
 182118 91760  788.56133   46  285  292.85298  920.98447   214%   754 13587s
 182699 92056  390.55643   55  131  292.85298  920.56789   214%   754 13631s
 183318 92457     cutoff   58       292.85298  920.31745   214%   754 13684s
 183913 92840  810.30801   42  341  292.85298  920.24902   214%   754 13739s
 184513 93102  387.54592   57  232  292.85298  919.91340   214%   755 13789s
 185152 93306     cutoff   54       292.85298  919.73524   214%   755 13838s
 185472 93641  441.36518   53  204  292.85298  919.59736   214%   756 13893s
 186090 93998     cutoff   61       292.85298  919.37946   214%   756 13950s
 186737 94380  493.89988   51  266  292.85298  919.07077   214%   756 13990s
 187331 94683  436.66817   63  240  292.85298  918.78226   214%   756 14043s
 187916 94981  448.37308   46  247  292.85298  918.49101   214%   757 14102s
 188552 95332  791.41625   37  319  292.85298  918.13135   214%   757 14155s
 189198 95672  715.72039   44  319  292.85298  917.75722   213%   757 14210s
 189804 95971  703.68193   39  294  292.85298  917.55754   213%   757 14259s
 190381 96267  747.26249   47  328  292.85298  917.32688   213%   757 14320s
 190953 96610  500.70244   50  262  292.85298  916.99459   213%   758 14360s
 191606 97002  423.25071   58  222  292.85298  916.77519   213%   758 14417s
 192227 97335  624.59094   52  239  292.85298  916.57905   213%   758 14468s
 192840 97715  424.98722   59  211  292.85298  916.33525   213%   758 14524s
 193530 98105  712.72020   43  235  292.85298  915.92824   213%   758 14581s
 194078 98483  521.03902   59  269  292.85298  915.74062   213%   759 14630s
 194682 98790     cutoff   63       292.85298  915.51496   213%   759 14685s
 195254 99110     cutoff   61       292.85298  915.24036   213%   759 14727s
 195826 99424  702.02758   47  318  292.85298  915.03513   212%   760 14786s
 196365 99611  808.56983   37  314  292.85298  914.81962   212%   760 14835s
 196700 99871  622.19297   47  288  292.85298  914.73037   212%   760 14890s
 197330 100075  444.67558   42  280  292.85298  914.29933   212%   760 14946s
 197825 100451  830.94204   43  227  292.85298  914.08709   212%   761 15000s
 198427 100830  609.17204   48  256  292.85298  913.97748   212%   761 15062s
 199096 101195  858.82068   39  331  292.85298  913.52655   212%   761 15113s
 199698 101501 infeasible   60       292.85298  913.39652   212%   761 15175s
 200230 101890  767.27106   43  322  292.85298  913.00682   212%   762 15228s
 200891 102196  723.29623   55  283  292.85298  912.76278   212%   762 15292s
 201520 102573  348.69115   48  238  292.85298  912.52091   212%   762 15340s
 202108 102945  435.93667   61  221  292.85298  912.24416   212%   763 15398s
 202693 103304  561.36002   56  303  292.85298  911.99073   211%   763 15452s
 203261 103642  498.74386   45  298  292.85298  911.82286   211%   763 15516s
 204013 103881     cutoff   54       292.85298  911.52700   211%   763 15558s
 204561 104149  579.78583   54  284  292.85298  911.38495   211%   763 15616s
 205149 104481  608.67249   51  242  292.85298  911.20356   211%   764 15664s
 205703 104780  798.90774   47  326  292.85298  910.89908   211%   764 15714s
 206215 105147     cutoff   52       292.85298  910.64141   211%   764 15783s
 206933 105526  749.43406   48  287  292.85298  910.35118   211%   764 15837s
 207557 105912  422.84977   59  239  292.85298  910.21172   211%   764 15900s
 208339 106273  762.87103   41  300  292.85298  909.92781   211%   764 15947s
 208897 106626  513.48952   51  315  292.85298  909.67322   211%   765 16009s
 209601 106979  797.59899   36  285  292.85298  909.46426   211%   765 16065s
 210199 107283  624.59871   31  317  292.85298  909.26596   210%   765 16125s
 210769 107587  754.08730   46  246  292.85298  908.94935   210%   765 16172s
 211343 107891  514.51085   48  215  292.85298  908.73121   210%   766 16229s
 211805 108290  408.04655   44  263  292.85298  908.60096   210%   766 16275s
 212443 108636  805.26456   50  314  292.85298  908.44563   210%   766 16327s
 213070 108944  783.52644   41  321  292.85298  908.20425   210%   767 16384s
 213651 109318  880.28150   31  324  292.85298  907.85790   210%   767 16434s
 214288 109710     cutoff   62       292.85298  907.76011   210%   767 16500s
 215133 110054  416.48009   50  317  292.85298  907.75267   210%   767 16557s
 215913 110362     cutoff   59       292.85298  907.56141   210%   766 16619s
 216482 110616  643.47544   57  295  292.85298  907.36806   210%   766 16668s
 216950 111022  811.76755   36  319  292.85298  907.22612   210%   767 16728s
 217555 111302  742.68843   52  312  292.85298  907.06425   210%   767 16782s
 218167 111608  418.85218   38  235  292.85298  906.82240   210%   767 16838s
 218723 111949  757.34548   44  263  292.85298  906.56233   210%   767 16883s
 219408 112303  407.38762   48  255  292.85298  906.44403   210%   768 16939s
 219993 112694  442.74070   53  175  292.85298  906.25314   209%   768 16997s
 220621 113040  593.52754   57  261  292.85298  906.14181   209%   768 17049s
 221233 113356  651.46040   45  229  292.85298  905.92527   209%   768 17109s
 221868 113764  781.25452   42  308  292.85298  905.65345   209%   768 17161s
 222484 114127  494.53957   57  319  292.85298  905.54651   209%   768 17219s
 223070 114415  731.13936   57  310  292.85298  905.48215   209%   769 17262s
 223617 114772  487.76186   56  284  292.85298  905.14724   209%   769 17319s
 224303 115137 infeasible   59       292.85298  905.02152   209%   769 17373s
 225183 115348  315.87604   43  234  292.85298  905.02152   209%   769 17435s
 225867 115606  343.07123   49  243  292.85298  905.02152   209%   769 17491s
 226456 115940     cutoff   56       292.85298  905.02152   209%   769 17544s
 227057 116137     cutoff   62       292.85298  904.82060   209%   769 17604s
 227581 116470  501.32925   41  248  292.85298  904.74416   209%   769 17666s
 228527 116730  313.19403   43  222  292.85298  904.74416   209%   769 17721s
 229214 117019  454.05712   46  309  292.85298  904.74416   209%   769 17775s
 229776 117276  690.45754   37  326  292.85298  904.69800   209%   769 17831s
 230360 117595  799.59455   38  344  292.85298  904.53563   209%   770 17878s
 230996 117859  388.34488   58  269  292.85298  904.31539   209%   770 17933s
 231698 118100  470.60044   45  296  292.85298  904.17353   209%   770 17982s
 232243 118340  837.57744   44  350  292.85298  903.85341   209%   770 18036s
 232770 118756  572.23924   42  287  292.85298  903.75736   209%   770 18104s
 233507 119074     cutoff   48       292.85298  903.75736   209%   770 18178s
 234134 119418  504.44723   46  265  292.85298  903.75736   209%   770 18229s
 234726 119716  379.67890   42  239  292.85298  903.75736   209%   770 18301s
 235318 120037  544.53745   36  317  292.85298  903.75736   209%   770 18352s
 235829 120305  581.66710   35  301  292.85298  903.75736   209%   771 18424s
 236364 120608     cutoff   43       292.85298  903.75736   209%   771 18487s
 236906 120862  349.56641   41  228  292.85298  903.75736   209%   771 18551s
 237430 121230  472.91840   52  260  292.85298  903.75054   209%   772 18606s
 238015 121511  649.02612   57  203  292.85298  903.61255   209%   772 18680s
 238905 121793     cutoff   51       292.85298  903.58888   209%   772 18738s
 239477 122136  416.78432   45  280  292.85298  903.58888   209%   772 18797s
 240141 122431  522.27680   46  272  292.85298  903.27024   208%   772 18847s
 240971 122748     cutoff   64       292.85298  903.12498   208%   772 18914s
 241776 123192  422.97649   49  272  292.85298  903.08482   208%   773 18988s
 242655 123514  303.22114   49  301  292.85298  903.08482   208%   773 19067s
 243417 123882  621.05911   53  302  292.85298  903.05427   208%   773 19144s
 244297 124133  302.06564   53  241  292.85298  903.01150   208%   773 19208s
 244941 124468  599.42032   35  316  292.85298  903.01150   208%   774 19276s
 245622 124743  345.55862   49  262  292.85298  903.01150   208%   774 19340s
 246234 125029  620.59546   45  312  292.85298  903.01150   208%   774 19406s
 246822 125298  441.91260   42  255  292.85298  903.01150   208%   774 19470s
 247370 125469  571.32557   34  327  292.85298  903.01150   208%   775 19526s
 247736 125749  444.86604   39  285  292.85298  903.01150   208%   775 19589s
 248336 125962  568.81834   38  314  292.85298  903.01150   208%   776 19658s
 249029 126325  459.53532   57  318  292.85298  902.90202   208%   776 19717s
 249696 126762  307.72546   56  151  292.85298  902.74430   208%   776 19774s
 250430 127094  445.25396   40  205  292.85298  902.57003   208%   776 19849s
 251005 127426  389.69299   51  285  292.85298  902.57003   208%   776 19925s
 251603 127799     cutoff   57       292.85298  902.57003   208%   777 20003s
H252010 127799                     292.8529803  902.57003   208%   777 20003s
 252214 128163  551.74727   47  299  292.85298  902.57003   208%   777 20067s
 252812 128417  499.40320   41  312  292.85298  902.57003   208%   777 20126s
 253256 128725  395.42374   58  306  292.85298  902.57003   208%   777 20188s
 253807 128970  400.51445   37  289  292.85298  902.57003   208%   777 20261s
 254342 129254  295.32249   49  247  292.85298  902.57003   208%   778 20326s
 255026 129590  320.98703   53  225  292.85298  902.45401   208%   778 20383s
 255795 129907  583.75394   35  329  292.85298  902.35174   208%   778 20454s
 256606 130195  821.25406   48  271  292.85298  902.12746   208%   778 20499s
H257056 130195                     292.8533766  902.07960   208%   778 20499s
 257304 130446     cutoff   54       292.85338  902.07960   208%   778 20547s
 257777 130758  605.01727   44  263  292.85338  901.98955   208%   778 20609s
 258309 130792  545.56367   49  249  292.85338  901.89460   208%   778 20653s
 258381 131215  541.31956   50  266  292.85338  901.89403   208%   778 20720s
 259083 131593  327.51769   54  275  292.85338  901.59693   208%   778 20771s
 259745 131959  340.12482   49  208  292.85338  901.45075   208%   778 20836s
 260394 132273  488.90342   55  213  292.85338  901.26951   208%   779 20885s
 261127 132590  303.25824   48  280  292.85338  901.21018   208%   779 20955s
 261876 132844  479.78826   49  240  292.85338  901.21018   208%   779 21004s
 262566 133162  423.13252   51  293  292.85338  901.21018   208%   779 21068s
 263252 133485  498.79768   47  309  292.85338  901.21018   208%   779 21117s
 263846 133824  417.89768   52  291  292.85338  901.06648   208%   779 21173s
 264532 134162  653.10298   51  318  292.85338  900.93332   208%   779 21226s
 265113 134458  672.40279   55  229  292.85338  900.79822   208%   779 21279s
 265671 134804  828.03449   43  350  292.85338  900.69172   208%   779 21332s
 266359 135082  677.36481   46  225  292.85338  900.43926   207%   780 21377s
 267012 135467  335.55398   50  281  292.85338  900.28458   207%   780 21439s
 267860 135732  518.10985   52  266  292.85338  900.28458   207%   780 21496s
 268491 136081  459.86139   45  291  292.85338  900.28458   207%   780 21553s
 269078 136393  329.72458   60  216  292.85338  900.21822   207%   780 21603s
 269694 136755  413.05061   55  231  292.85338  899.96288   207%   780 21664s
 270323 137056  436.02732   60  264  292.85338  899.79381   207%   780 21713s
 270826 137367  853.79201   43  284  292.85338  899.67903   207%   781 21773s
 271448 137727  503.03052   57  312  292.85338  899.48488   207%   781 21826s
 272133 138078  600.02669   51  214  292.85338  899.21774   207%   781 21880s
 272729 138473  652.71744   58  266  292.85338  899.06425   207%   781 21940s
 273313 138780  425.14922   46  273  292.85338  898.92015   207%   781 21990s
 273881 139148  489.61072   54  229  292.85338  898.75966   207%   781 22053s
 274634 139484  562.52671   50  240  292.85338  898.45714   207%   781 22100s
 275282 139741     cutoff   59       292.85338  898.26821   207%   781 22158s
 275883 140064  487.20495   43  300  292.85338  898.07749   207%   781 22216s
 276505 140338     cutoff   46       292.85338  897.97428   207%   781 22275s
 277165 140651  647.37328   50  263  292.85338  897.80549   207%   781 22318s
 277810 140969  802.55183   54  338  292.85338  897.65443   207%   781 22372s
 278458 141284  392.91526   55  241  292.85338  897.28902   206%   781 22431s
 279071 141670  770.44218   54  320  292.85338  897.19340   206%   782 22483s
 279694 142010  302.69857   60  266  292.85338  897.08202   206%   782 22539s
 280366 142296  417.97420   46  134  292.85338  896.82404   206%   781 22584s
 280901 142628  489.64780   55  281  292.85338  896.62862   206%   782 22642s
 281447 142921  585.83709   47  172  292.85338  896.52288   206%   782 22699s
 282191 143243  836.78788   49  325  292.85338  896.25730   206%   782 22759s
 282851 143600  304.66378   47  175  292.85338  896.14602   206%   782 22802s
 283489 143908     cutoff   66       292.85338  896.00670   206%   782 22855s
 284010 144191  417.58647   59  243  292.85338  895.96215   206%   782 22916s
 284727 144433  572.17886   46  241  292.85338  895.77361   206%   782 22966s
 285149 144752  421.39808   53  283  292.85338  895.68984   206%   782 23026s
 285765 145047  647.92026   48  312  292.85338  895.54662   206%   782 23076s
 286341 145341  732.98489   50  285  292.85338  895.38370   206%   782 23135s
 286977 145598  349.82716   44  233  292.85338  895.27516   206%   782 23187s
 287503 145895  576.58788   42  282  292.85338  895.05273   206%   782 23244s
 288055 146166  744.91989   43  272  292.85338  894.92986   206%   782 23298s
 288680 146625  297.28140   51  270  292.85338  894.67812   206%   782 23358s
 289411 146961  874.53478   35  299  292.85338  894.51166   205%   782 23402s
 290168 147281  339.68229   57  232  292.85338  894.33488   205%   782 23451s
 290709 147537     cutoff   57       292.85338  894.25060   205%   782 23507s
 291264 147849     cutoff   50       292.85338  894.03280   205%   782 23552s
 291861 148171     cutoff   55       292.85338  893.87846   205%   782 23609s
 292482 148545     cutoff   64       292.85338  893.73823   205%   782 23651s
 293099 148874  438.89099   56  238  292.85338  893.63170   205%   783 23706s
 293692 149224  427.25678   56  217  292.85338  893.43739   205%   783 23763s
 294273 149566     cutoff   53       292.85338  893.33013   205%   783 23815s
 294891 149974     cutoff   63       292.85338  893.14826   205%   783 23879s
 295567 150223  526.37519   47  283  292.85338  892.92554   205%   783 23930s
 296106 150573     cutoff   60       292.85338  892.73800   205%   783 23985s
 296776 150878  874.83408   37  320  292.85338  892.47683   205%   783 24027s
 297302 151226  314.69047   47  308  292.85338  892.30432   205%   783 24083s
 297935 151557  857.41488   43  278  292.85338  892.18641   205%   783 24135s
 298532 151810     cutoff   57       292.85338  892.05055   205%   783 24190s
 299210 152132  374.81627   58  227  292.85338  891.90241   205%   783 24248s
 299820 152363  421.08744   49  186  292.85338  891.68539   204%   783 24299s
 300325 152627  610.08204   42  319  292.85338  891.54907   204%   783 24354s
 300952 152895  364.69775   49  240  292.85338  891.40877   204%   783 24397s
 301499 153195  570.26355   46  191  292.85338  891.21148   204%   783 24460s
 302114 153541  421.98116   45  298  292.85338  891.08504   204%   783 24513s
 302754 153785  865.44958   42  277  292.85338  890.94176   204%   783 24569s
 303361 154082  629.25492   49  281  292.85338  890.80439   204%   784 24618s
 303929 154392  517.53232   64  299  292.85338  890.64302   204%   784 24672s
 304674 154794     cutoff   45       292.85338  890.45661   204%   784 24722s
 305410 155043  655.88583   56  216  292.85338  890.26152   204%   783 24768s
 306064 155312  330.94032   57  280  292.85338  890.14844   204%   783 24826s
 306668 155575  723.23375   42  298  292.85338  890.01869   204%   783 24863s
 307148 155854  750.64525   46  336  292.85338  889.90028   204%   783 24917s
 307714 156160  771.34464   41  281  292.85338  889.71985   204%   783 24969s
 308359 156483  444.12786   59  328  292.85338  889.54103   204%   783 25019s
 308994 156786     cutoff   55       292.85338  889.42093   204%   783 25073s
 309604 157087  317.73905   49  201  292.85338  889.31790   204%   783 25115s
 310136 157427  541.38616   44  265  292.85338  889.18556   204%   783 25170s
 310764 157769  463.85008   50  211  292.85338  889.10190   204%   784 25215s
 311281 158129  727.63345   41  256  292.85338  888.98238   204%   784 25269s
 311857 158371  712.68139   49  319  292.85338  888.89800   204%   784 25320s
 312590 158610  786.94185   42  318  292.85338  888.73823   203%   784 25368s
H312888 158610                     292.8533767  888.73065   203%   784 25368s
 313154 158695  695.89564   43  271  292.85338  888.57294   203%   784 25416s
 313323 159024  686.97230   44  269  292.85338  888.52023   203%   784 25473s
 313983 159348  672.23262   42  218  292.85338  888.33999   203%   784 25533s
 314645 159678  505.52772   40  213  292.85338  888.11881   203%   784 25580s
H315077 159678                     292.8537096  888.07966   203%   784 25580s
 315302 159958  305.43446   44  181  292.85371  887.97217   203%   784 25635s
 315919 160323     cutoff   57       292.85371  887.80937   203%   784 25689s
 316535 160604  746.69199   44  233  292.85371  887.69503   203%   784 25737s
 317089 160906     cutoff   53       292.85371  887.60462   203%   784 25795s
 317655 161192     cutoff   51       292.85371  887.55760   203%   784 25842s
 318259 161531  682.00195   54  255  292.85371  887.23547   203%   784 25901s
 318913 161846  762.94235   46  311  292.85371  887.08495   203%   784 25956s
 319554 162120  317.79133   55  210  292.85371  886.83776   203%   784 26021s
 320089 162356  810.18002   40  315  292.85371  886.64561   203%   785 26076s
 320655 162631  549.71551   49  254  292.85371  886.54051   203%   785 26138s
 321280 162932  721.80945   50  233  292.85371  886.40591   203%   785 26187s
 321876 163263  801.62574   46  310  292.85371  886.30661   203%   785 26244s
 322564 163583  852.76146   42  337  292.85371  886.10403   203%   785 26303s
 323124 163912  307.23293   64  199  292.85371  885.93898   203%   785 26355s
 323748 164280  304.89143   47  257  292.85371  885.84575   202%   785 26412s
 324435 164556  379.25379   58  201  292.85371  885.56603   202%   785 26459s
 324959 164826  405.42288   63  284  292.85371  885.39517   202%   785 26504s
 325391 165171  709.12912   41  299  292.85371  885.34199   202%   785 26551s
 326021 165474  752.73263   41  299  292.85371  885.17556   202%   785 26606s
 326626 165762  680.89982   46  265  292.85371  885.11721   202%   785 26659s
 327123 166111  718.13425   42  323  292.85371  884.95641   202%   785 26714s
 327830 166386     cutoff   53       292.85371  884.83054   202%   785 26774s
 328421 166658  775.66260   42  289  292.85371  884.69702   202%   786 26821s
 329039 167040     cutoff   50       292.85371  884.57883   202%   786 26883s
 329821 167440  632.05428   50  220  292.85371  884.36383   202%   785 26938s
 330536 167777  845.28617   38  333  292.85371  884.31606   202%   786 27000s
 331193 168052  413.51234   49  290  292.85371  884.19970   202%   786 27047s
 331704 168444  347.46120   61  272  292.85371  883.97960   202%   786 27107s
 332328 168790  426.60055   51  291  292.85371  883.89944   202%   786 27162s
 333016 169112  522.25053   38  304  292.85371  883.78321   202%   786 27220s
 333623 169495  807.57170   48  294  292.85371  883.63627   202%   786 27278s
 334281 169798  565.69092   58  221  292.85371  883.49262   202%   786 27328s
 334837 170083  313.72422   54  271  292.85371  883.36635   202%   786 27385s
 335456 170372  304.24816   47  257  292.85371  883.20093   202%   786 27435s
 336039 170724  822.08286   43  246  292.85371  883.11498   202%   786 27495s
 336691 171099  787.92634   49  280  292.85371  882.89279   201%   786 27548s
 337382 171434  754.33888   59  319  292.85371  882.76231   201%   786 27609s
 337980 171730     cutoff   69       292.85371  882.69398   201%   786 27648s
 338595 172041  584.00540   54  214  292.85371  882.58550   201%   786 27706s
 339193 172389  327.48429   48  142  292.85371  882.51841   201%   786 27749s
 339740 172709  437.56048   52  215  292.85371  882.36813   201%   786 27801s
 340335 172999  328.74916   51  251  292.85371  882.31889   201%   786 27863s
 340889 173267     cutoff   55       292.85371  882.17312   201%   786 27909s
 341485 173578     cutoff   60       292.85371  881.96220   201%   786 27968s
 342014 173931  361.73868   55  241  292.85371  881.89138   201%   786 28019s
 342659 174194  771.87502   39  296  292.85371  881.76687   201%   786 28075s
 343137 174550  429.44923   44  255  292.85371  881.73121   201%   786 28134s
 343770 174831  636.40529   53  321  292.85371  881.56285   201%   786 28194s
 344333 175120  333.14482   43  279  292.85371  881.50570   201%   786 28243s
 344991 175448  860.74619   47  304  292.85371  881.33351   201%   786 28299s
 345660 175757  429.26141   58  290  292.85371  881.25635   201%   786 28351s
 346263 176044  762.71536   45  275  292.85371  881.17311   201%   786 28402s
 346860 176438  545.21341   62  217  292.85371  881.05371   201%   787 28468s
 347500 176743 infeasible   51       292.85371  880.99697   201%   787 28525s
 348086 177095  499.07370   57  305  292.85371  880.87652   201%   787 28587s
 348725 177425  403.69533   57  205  292.85371  880.74311   201%   787 28637s
 349345 177765  574.14530   52  244  292.85371  880.59505   201%   787 28697s
 349920 178083  870.71587   49  307  292.85371  880.54091   201%   787 28742s
 350570 178501  840.88845   43  263  292.85371  880.38355   201%   787 28804s
 351228 178852  492.65201   56  223  292.85371  880.23352   201%   787 28847s
 351865 179129  659.03996   47  270  292.85371  880.10813   201%   787 28905s
 352426 179442  327.21168   51  257  292.85371  879.99257   200%   787 28959s
 352974 179737  695.36119   48  292  292.85371  879.87570   200%   788 29012s
 353735 180033  648.74549   47  304  292.85371  879.76105   200%   787 29065s
 354325 180299  407.37182   41  211  292.85371  879.62608   200%   788 29116s
 354914 180611  539.96834   49  239  292.85371  879.48967   200%   788 29175s
 355510 181132  595.03893   56  220  292.85371  879.33262   200%   788 29227s
 356403 181271  621.88077   50  289  292.85371  879.15301   200%   787 29277s
 356692 181559  381.75504   47  259  292.85371  879.03810   200%   787 29325s
 357287 181845  742.80888   41  272  292.85371  878.92459   200%   787 29382s
 357865 182187  530.41793   54  271  292.85371  878.84995   200%   787 29440s
 358475 182581  846.87164   47  336  292.85371  878.82384   200%   787 29489s
 359158 182816     cutoff   65       292.85371  878.71374   200%   788 29555s
 359785 183179  720.80832   42  314  292.85371  878.54517   200%   788 29608s
 360444 183492  300.48058   64  252  292.85371  878.42658   200%   788 29668s
 360956 183818  407.81257   64  318  292.85371  878.35035   200%   788 29722s
 361601 184126  379.46124   54  145  292.85371  878.18565   200%   788 29781s
 362245 184496  864.63938   43  305  292.85371  878.06562   200%   788 29836s
 362805 184794  747.82713   53  289  292.85371  877.95667   200%   788 29895s
 363423 185065  323.64761   46  235  292.85371  877.77568   200%   788 29947s
 363997 185355  324.40869   47  258  292.85371  877.61096   200%   788 30000s
