Winding,Cooling System,OPS,Oil,Profit
1.0,1.0,1.0,1.0,0.0
1.0,1.0,1.0,0.8,0.0
1.0,1.0,1.0,0.6,0.0
1.0,1.0,1.0,0.4,0.0
1.0,1.0,1.0,0.2,0.0
1.0,1.0,1.0,0.0,0.0
1.0,1.0,0.8,1.0,-1303.2
1.0,1.0,0.8,0.8,-1041.1
1.0,1.0,0.8,0.6,-1041.1
1.0,1.0,0.8,0.4,-1041.1
1.0,1.0,0.8,0.2,-1063.6
1.0,1.0,0.8,0.0,-1064.3
1.0,1.0,0.6,1.0,-1124.8
1.0,1.0,0.6,0.8,-951.6
1.0,1.0,0.6,0.6,-914.4
1.0,1.0,0.6,0.4,-914.4
1.0,1.0,0.6,0.2,-914.5
1.0,1.0,0.6,0.0,-957.0
1.0,1.0,0.4,1.0,-1056.4
1.0,1.0,0.4,0.8,-924.9
1.0,1.0,0.4,0.6,-874.5
1.0,1.0,0.4,0.4,-915.7
1.0,1.0,0.4,0.2,-914.8
1.0,1.0,0.4,0.0,-956.8
1.0,1.0,0.2,1.0,-1056.4
1.0,1.0,0.2,0.8,-906.5
1.0,1.0,0.2,0.6,-914.5
1.0,1.0,0.2,0.4,-882.1
1.0,1.0,0.2,0.2,-915.1
1.0,1.0,0.2,0.0,-914.4
1.0,1.0,0.0,1.0,-1016.4
1.0,1.0,0.0,0.8,-838.2
1.0,1.0,0.0,0.6,-838.6
1.0,1.0,0.0,0.4,-835.1
1.0,1.0,0.0,0.2,-921.1
1.0,1.0,0.0,0.0,-887.9
1.0,0.8,1.0,1.0,0.0
1.0,0.8,1.0,0.8,0.0
1.0,0.8,1.0,0.6,0.0
1.0,0.8,1.0,0.4,0.0
1.0,0.8,1.0,0.2,0.0
1.0,0.8,1.0,0.0,0.0
1.0,0.8,0.8,1.0,-328.1
1.0,0.8,0.8,0.8,-214.2
1.0,0.8,0.8,0.6,-239.3
1.0,0.8,0.8,0.4,-239.3
1.0,0.8,0.8,0.2,-195.5
1.0,0.8,0.8,0.0,-152.7
1.0,0.8,0.6,1.0,-207.2
1.0,0.8,0.6,0.8,-123.7
1.0,0.8,0.6,0.6,-86.9
1.0,0.8,0.6,0.4,-63.5
1.0,0.8,0.6,0.2,-43.5
1.0,0.8,0.6,0.0,-332.6
1.0,0.8,0.4,1.0,-167.1
1.0,0.8,0.4,0.8,-199.1
1.0,0.8,0.4,0.6,-99.2
1.0,0.8,0.4,0.4,-95.3
1.0,0.8,0.4,0.2,-44.2
1.0,0.8,0.4,0.0,-87.7
1.0,0.8,0.2,1.0,-186.5
1.0,0.8,0.2,0.8,-173.1
1.0,0.8,0.2,0.6,-87.1
1.0,0.8,0.2,0.4,-86.9
1.0,0.8,0.2,0.2,-105.5
1.0,0.8,0.2,0.0,-649.6
1.0,0.8,0.0,1.0,-146.5
1.0,0.8,0.0,0.8,-36.9
1.0,0.8,0.0,0.6,-29.8
1.0,0.8,0.0,0.4,27.9
1.0,0.8,0.0,0.2,-892.1
1.0,0.8,0.0,0.0,-18.5
1.0,0.6,1.0,1.0,0.0
1.0,0.6,1.0,0.8,0.0
1.0,0.6,1.0,0.6,0.0
1.0,0.6,1.0,0.4,0.0
1.0,0.6,1.0,0.2,0.0
1.0,0.6,1.0,0.0,0.0
1.0,0.6,0.8,1.0,-307.6
1.0,0.6,0.8,0.8,-120.0
1.0,0.6,0.8,0.6,-219.4
1.0,0.6,0.8,0.4,-219.5
1.0,0.6,0.8,0.2,-146.9
1.0,0.6,0.8,0.0,-104.1
1.0,0.6,0.6,1.0,-199.1
1.0,0.6,0.6,0.8,-73.1
1.0,0.6,0.6,0.6,-66.5
1.0,0.6,0.6,0.4,-578.9
1.0,0.6,0.6,0.2,-265.8
1.0,0.6,0.6,0.0,-286.0
1.0,0.6,0.4,1.0,-215.8
1.0,0.6,0.4,0.8,-319.8
1.0,0.6,0.4,0.6,-21.4
1.0,0.6,0.4,0.4,22.6
1.0,0.6,0.4,0.2,-530.4
1.0,0.6,0.4,0.0,-44.0
1.0,0.6,0.2,1.0,-193.0
1.0,0.6,0.2,0.8,-67.3
1.0,0.6,0.2,0.6,-34.9
1.0,0.6,0.2,0.4,-306.7
1.0,0.6,0.2,0.2,-36.6
1.0,0.6,0.2,0.0,-60.7
1.0,0.6,0.0,1.0,-78.9
1.0,0.6,0.0,0.8,30.4
1.0,0.6,0.0,0.6,37.0
1.0,0.6,0.0,0.4,18.2
1.0,0.6,0.0,0.2,-43.0
1.0,0.6,0.0,0.0,4.4
1.0,0.4,1.0,1.0,0.0
1.0,0.4,1.0,0.8,0.0
1.0,0.4,1.0,0.6,0.0
1.0,0.4,1.0,0.4,0.0
1.0,0.4,1.0,0.2,0.0
1.0,0.4,1.0,0.0,0.0
1.0,0.4,0.8,1.0,-305.3
1.0,0.4,0.8,0.8,-125.7
1.0,0.4,0.8,0.6,-518.4
1.0,0.4,0.8,0.4,-222.3
1.0,0.4,0.8,0.2,-229.9
1.0,0.4,0.8,0.0,-151.8
1.0,0.4,0.6,1.0,-161.1
1.0,0.4,0.6,0.8,-269.5
1.0,0.4,0.6,0.6,-543.4
1.0,0.4,0.6,0.4,-535.8
1.0,0.4,0.6,0.2,-9.2
1.0,0.4,0.6,0.0,-532.0
1.0,0.4,0.4,1.0,-109.0
1.0,0.4,0.4,0.8,-235.5
1.0,0.4,0.4,0.6,-543.7
1.0,0.4,0.4,0.4,-536.0
1.0,0.4,0.4,0.2,-31.1
1.0,0.4,0.4,0.0,-24.7
1.0,0.4,0.2,1.0,-110.0
1.0,0.4,0.2,0.8,-101.6
1.0,0.4,0.2,0.6,-27.9
1.0,0.4,0.2,0.4,-42.6
1.0,0.4,0.2,0.2,-25.7
1.0,0.4,0.2,0.0,-495.4
1.0,0.4,0.0,1.0,-136.0
1.0,0.4,0.0,0.8,38.8
1.0,0.4,0.0,0.6,46.7
1.0,0.4,0.0,0.4,57.4
1.0,0.4,0.0,0.2,18.7
1.0,0.4,0.0,0.0,-7.6
1.0,0.2,1.0,1.0,0.0
1.0,0.2,1.0,0.8,0.0
1.0,0.2,1.0,0.6,0.0
1.0,0.2,1.0,0.4,0.0
1.0,0.2,1.0,0.2,0.0
1.0,0.2,1.0,0.0,0.0
1.0,0.2,0.8,1.0,-309.0
1.0,0.2,0.8,0.8,-479.9
1.0,0.2,0.8,0.6,-211.6
1.0,0.2,0.8,0.4,-97.1
1.0,0.2,0.8,0.2,-141.1
1.0,0.2,0.8,0.0,-111.8
1.0,0.2,0.6,1.0,-189.0
1.0,0.2,0.6,0.8,-18.3
1.0,0.2,0.6,0.6,-12.0
1.0,0.2,0.6,0.4,29.8
1.0,0.2,0.6,0.2,-55.3
1.0,0.2,0.6,0.0,-73.7
1.0,0.2,0.4,1.0,-1008.9
1.0,0.2,0.4,0.8,-30.0
1.0,0.2,0.4,0.6,12.8
1.0,0.2,0.4,0.4,16.8
1.0,0.2,0.4,0.2,-9.0
1.0,0.2,0.4,0.0,-12.9
1.0,0.2,0.2,1.0,-400.7
1.0,0.2,0.2,0.8,-21.2
1.0,0.2,0.2,0.6,-15.6
1.0,0.2,0.2,0.4,-15.4
1.0,0.2,0.2,0.2,-58.2
1.0,0.2,0.2,0.0,-532.6
1.0,0.2,0.0,1.0,-111.6
1.0,0.2,0.0,0.8,-11.7
1.0,0.2,0.0,0.6,-45.8
1.0,0.2,0.0,0.4,-63.4
1.0,0.2,0.0,0.2,-60.6
1.0,0.2,0.0,0.0,-41.9
1.0,0.0,1.0,1.0,0.0
1.0,0.0,1.0,0.8,0.0
1.0,0.0,1.0,0.6,0.0
1.0,0.0,1.0,0.4,0.0
1.0,0.0,1.0,0.2,0.0
1.0,0.0,1.0,0.0,0.0
1.0,0.0,0.8,1.0,-331.6
1.0,0.0,0.8,0.8,-108.3
1.0,0.0,0.8,0.6,-140.5
1.0,0.0,0.8,0.4,-105.9
1.0,0.0,0.8,0.2,-114.7
1.0,0.0,0.8,0.0,-129.1
1.0,0.0,0.6,1.0,-192.5
1.0,0.0,0.6,0.8,-526.7
1.0,0.0,0.6,0.6,-1140.8
1.0,0.0,0.6,0.4,-17.4
1.0,0.0,0.6,0.2,-533.9
1.0,0.0,0.6,0.0,-515.9
1.0,0.0,0.4,1.0,-152.5
1.0,0.0,0.4,0.8,-526.8
1.0,0.0,0.4,0.6,-224.9
1.0,0.0,0.4,0.4,-532.6
1.0,0.0,0.4,0.2,-333.5
1.0,0.0,0.4,0.0,-264.3
1.0,0.0,0.2,1.0,-112.5
1.0,0.0,0.2,0.8,-542.2
1.0,0.0,0.2,0.6,-269.7
1.0,0.0,0.2,0.4,-45.3
1.0,0.0,0.2,0.2,-495.1
1.0,0.0,0.2,0.0,-515.9
1.0,0.0,0.0,1.0,-71.5
1.0,0.0,0.0,0.8,34.8
1.0,0.0,0.0,0.6,27.2
1.0,0.0,0.0,0.4,38.8
1.0,0.0,0.0,0.2,-214.4
1.0,0.0,0.0,0.0,56.6
0.8,1.0,1.0,1.0,0.0
0.8,1.0,1.0,0.8,0.0
0.8,1.0,1.0,0.6,0.0
0.8,1.0,1.0,0.4,0.0
0.8,1.0,1.0,0.2,0.0
0.8,1.0,1.0,0.0,0.0
0.8,1.0,0.8,1.0,-14500.3
0.8,1.0,0.8,0.8,-10007.2
0.8,1.0,0.8,0.6,-10957.2
0.8,1.0,0.8,0.4,-10770.2
0.8,1.0,0.8,0.2,-11018.2
0.8,1.0,0.8,0.0,-13299.7
0.8,1.0,0.6,1.0,-10122.3
0.8,1.0,0.6,0.8,-12762.1
0.8,1.0,0.6,0.6,-12762.2
0.8,1.0,0.6,0.4,-12707.6
0.8,1.0,0.6,0.2,-12691.3
0.8,1.0,0.6,0.0,-13877.5
0.8,1.0,0.4,1.0,-3277.4
0.8,1.0,0.4,0.8,-12762.1
0.8,1.0,0.4,0.6,-13060.7
0.8,1.0,0.4,0.4,-12749.0
0.8,1.0,0.4,0.2,-13060.8
0.8,1.0,0.4,0.0,-13940.8
0.8,1.0,0.2,1.0,-7937.3
0.8,1.0,0.2,0.8,-12921.8
0.8,1.0,0.2,0.6,-12921.8
0.8,1.0,0.2,0.4,-12921.8
0.8,1.0,0.2,0.2,-12921.8
0.8,1.0,0.2,0.0,-12997.8
0.8,1.0,0.0,1.0,-1364.9
0.8,1.0,0.0,0.8,-17790.4
0.8,1.0,0.0,0.6,-16420.5
0.8,1.0,0.0,0.4,-16430.6
0.8,1.0,0.0,0.2,-16406.6
0.8,1.0,0.0,0.0,-16411.2
0.8,0.8,1.0,1.0,0.0
0.8,0.8,1.0,0.8,0.0
0.8,0.8,1.0,0.6,0.0
0.8,0.8,1.0,0.4,0.0
0.8,0.8,1.0,0.2,0.0
0.8,0.8,1.0,0.0,0.0
0.8,0.8,0.8,1.0,-13141.2
0.8,0.8,0.8,0.8,-13586.7
0.8,0.8,0.8,0.6,-13562.3
0.8,0.8,0.8,0.4,-13542.2
0.8,0.8,0.8,0.2,-13502.3
0.8,0.8,0.8,0.0,-13642.7
0.8,0.8,0.6,1.0,-12173.7
0.8,0.8,0.6,0.8,-13126.4
0.8,0.8,0.6,0.6,-13061.6
0.8,0.8,0.6,0.4,-12935.5
0.8,0.8,0.6,0.2,-12993.8
0.8,0.8,0.6,0.0,-13662.6
0.8,0.8,0.4,1.0,-12364.0
0.8,0.8,0.4,0.8,-13060.7
0.8,0.8,0.4,0.6,-12925.7
0.8,0.8,0.4,0.4,-12925.7
0.8,0.8,0.4,0.2,-12925.8
0.8,0.8,0.4,0.0,-13922.6
0.8,0.8,0.2,1.0,-11899.3
0.8,0.8,0.2,0.8,-13522.1
0.8,0.8,0.2,0.6,-13520.2
0.8,0.8,0.2,0.4,-13543.7
0.8,0.8,0.2,0.2,-13519.8
0.8,0.8,0.2,0.0,-13639.8
0.8,0.8,0.0,1.0,-16400.8
0.8,0.8,0.0,0.8,-16382.5
0.8,0.8,0.0,0.6,-16404.4
0.8,0.8,0.0,0.4,-16385.0
0.8,0.8,0.0,0.2,-16401.4
0.8,0.8,0.0,0.0,-16407.9
0.8,0.6,1.0,1.0,0.0
0.8,0.6,1.0,0.8,0.0
0.8,0.6,1.0,0.6,0.0
0.8,0.6,1.0,0.4,0.0
0.8,0.6,1.0,0.2,0.0
0.8,0.6,1.0,0.0,0.0
0.8,0.6,0.8,1.0,-13349.8
0.8,0.6,0.8,0.8,-13586.8
0.8,0.6,0.8,0.6,-13586.8
0.8,0.6,0.8,0.4,-13564.7
0.8,0.6,0.8,0.2,-13586.8
0.8,0.6,0.8,0.0,-13642.7
0.8,0.6,0.6,1.0,-12103.2
0.8,0.6,0.6,0.8,-13102.4
0.8,0.6,0.6,0.6,-13086.5
0.8,0.6,0.6,0.4,-12948.4
0.8,0.6,0.6,0.2,-12931.3
0.8,0.6,0.6,0.0,-13685.8
0.8,0.6,0.4,1.0,-12405.4
0.8,0.6,0.4,0.8,-13062.5
0.8,0.6,0.4,0.6,-13062.7
0.8,0.6,0.4,0.4,-12925.7
0.8,0.6,0.4,0.2,-12925.8
0.8,0.6,0.4,0.0,-13922.7
0.8,0.6,0.2,1.0,-12165.8
0.8,0.6,0.2,0.8,-13522.8
0.8,0.6,0.2,0.6,-13543.7
0.8,0.6,0.2,0.4,-13476.3
0.8,0.6,0.2,0.2,-13543.7
0.8,0.6,0.2,0.0,-13639.8
0.8,0.6,0.0,1.0,-16405.1
0.8,0.6,0.0,0.8,-16405.9
0.8,0.6,0.0,0.6,-16383.3
0.8,0.6,0.0,0.4,-16402.1
0.8,0.6,0.0,0.2,-16405.0
0.8,0.6,0.0,0.0,-17756.8
0.8,0.4,1.0,1.0,0.0
0.8,0.4,1.0,0.8,0.0
0.8,0.4,1.0,0.6,0.0
0.8,0.4,1.0,0.4,0.0
0.8,0.4,1.0,0.2,0.0
0.8,0.4,1.0,0.0,0.0
0.8,0.4,0.8,1.0,-2559.2
0.8,0.4,0.8,0.8,-2959.3
0.8,0.4,0.8,0.6,-2959.3
0.8,0.4,0.8,0.4,-2959.3
0.8,0.4,0.8,0.2,-2959.3
0.8,0.4,0.8,0.0,-2959.3
0.8,0.4,0.6,1.0,-12209.8
0.8,0.4,0.6,0.8,-12891.4
0.8,0.4,0.6,0.6,-12840.5
0.8,0.4,0.6,0.4,-12987.4
0.8,0.4,0.6,0.2,-12975.0
0.8,0.4,0.6,0.0,-13685.8
0.8,0.4,0.4,1.0,-12427.6
0.8,0.4,0.4,0.8,-13086.5
0.8,0.4,0.4,0.6,-13062.1
0.8,0.4,0.4,0.4,-12925.7
0.8,0.4,0.4,0.2,-12925.8
0.8,0.4,0.4,0.0,-13641.8
0.8,0.4,0.2,1.0,-12336.3
0.8,0.4,0.2,0.8,-13380.4
0.8,0.4,0.2,0.6,-13543.7
0.8,0.4,0.2,0.4,-13543.7
0.8,0.4,0.2,0.2,-13543.7
0.8,0.4,0.2,0.0,-13639.8
0.8,0.4,0.0,1.0,-16021.3
0.8,0.4,0.0,0.8,-16457.0
0.8,0.4,0.0,0.6,-16386.9
0.8,0.4,0.0,0.4,-16411.5
0.8,0.4,0.0,0.2,-16388.7
0.8,0.4,0.0,0.0,-16402.9
0.8,0.2,1.0,1.0,0.0
0.8,0.2,1.0,0.8,0.0
0.8,0.2,1.0,0.6,0.0
0.8,0.2,1.0,0.4,0.0
0.8,0.2,1.0,0.2,0.0
0.8,0.2,1.0,0.0,0.0
0.8,0.2,0.8,1.0,-13349.8
0.8,0.2,0.8,0.8,-13586.8
0.8,0.2,0.8,0.6,-13586.8
0.8,0.2,0.8,0.4,-13557.2
0.8,0.2,0.8,0.2,-13586.8
0.8,0.2,0.8,0.0,-13642.7
0.8,0.2,0.6,1.0,-12249.8
0.8,0.2,0.6,0.8,-13057.3
0.8,0.2,0.6,0.6,-13061.1
0.8,0.2,0.6,0.4,-13008.3
0.8,0.2,0.6,0.2,-13126.7
0.8,0.2,0.6,0.0,-13878.7
0.8,0.2,0.4,1.0,-12444.9
0.8,0.2,0.4,0.8,-13126.5
0.8,0.2,0.4,0.6,-13056.9
0.8,0.2,0.4,0.4,-13126.6
0.8,0.2,0.4,0.2,-12925.8
0.8,0.2,0.4,0.0,-13641.8
0.8,0.2,0.2,1.0,-12409.9
0.8,0.2,0.2,0.8,-13543.7
0.8,0.2,0.2,0.6,-13543.7
0.8,0.2,0.2,0.4,-13476.9
0.8,0.2,0.2,0.2,-13543.7
0.8,0.2,0.2,0.0,-13639.8
0.8,0.2,0.0,1.0,-16407.3
0.8,0.2,0.0,0.8,-16383.3
0.8,0.2,0.0,0.6,-16382.7
0.8,0.2,0.0,0.4,-16406.9
0.8,0.2,0.0,0.2,-17826.4
0.8,0.2,0.0,0.0,-16386.6
0.8,0.0,1.0,1.0,0.0
0.8,0.0,1.0,0.8,0.0
0.8,0.0,1.0,0.6,0.0
0.8,0.0,1.0,0.4,0.0
0.8,0.0,1.0,0.2,0.0
0.8,0.0,1.0,0.0,0.0
0.8,0.0,0.8,1.0,-846.0
0.8,0.0,0.8,0.8,-1191.7
0.8,0.0,0.8,0.6,-1309.9
0.8,0.0,0.8,0.4,-1101.9
0.8,0.0,0.8,0.2,-741.9
0.8,0.0,0.8,0.0,-1370.6
0.8,0.0,0.6,1.0,-16424.7
0.8,0.0,0.6,0.8,-16407.3
0.8,0.0,0.6,0.6,-16424.4
0.8,0.0,0.6,0.4,-16415.1
0.8,0.0,0.6,0.2,-16419.7
0.8,0.0,0.6,0.0,-16411.2
0.8,0.0,0.4,1.0,-16407.2
0.8,0.0,0.4,0.8,-16422.5
0.8,0.0,0.4,0.6,-16427.4
0.8,0.0,0.4,0.4,-16428.8
0.8,0.0,0.4,0.2,-16022.6
0.8,0.0,0.4,0.0,-16442.4
0.8,0.0,0.2,1.0,-16419.9
0.8,0.0,0.2,0.8,-16405.6
0.8,0.0,0.2,0.6,-16405.9
0.8,0.0,0.2,0.4,-16410.8
0.8,0.0,0.2,0.2,-16411.3
0.8,0.0,0.2,0.0,-16400.3
0.8,0.0,0.0,1.0,-16379.6
0.8,0.0,0.0,0.8,-16407.0
0.8,0.0,0.0,0.6,-16410.1
0.8,0.0,0.0,0.4,-16402.7
0.8,0.0,0.0,0.2,-16417.6
0.8,0.0,0.0,0.0,-16406.9
0.6,1.0,1.0,1.0,0.0
0.6,1.0,1.0,0.8,0.0
0.6,1.0,1.0,0.6,0.0
0.6,1.0,1.0,0.4,0.0
0.6,1.0,1.0,0.2,0.0
0.6,1.0,1.0,0.0,0.0
0.6,1.0,0.8,1.0,-1243.0
0.6,1.0,0.8,0.8,-11772.2
0.6,1.0,0.8,0.6,-11140.3
0.6,1.0,0.8,0.4,-12847.5
0.6,1.0,0.8,0.2,-13262.3
0.6,1.0,0.8,0.0,-11772.2
0.6,1.0,0.6,1.0,-8616.9
0.6,1.0,0.6,0.8,-12762.1
0.6,1.0,0.6,0.6,-12762.2
0.6,1.0,0.6,0.4,-12719.9
0.6,1.0,0.6,0.2,-12762.3
0.6,1.0,0.6,0.0,-12954.3
0.6,1.0,0.4,1.0,-9853.7
0.6,1.0,0.4,0.8,-13060.6
0.6,1.0,0.4,0.6,-13060.7
0.6,1.0,0.4,0.4,-13060.7
0.6,1.0,0.4,0.2,-12746.6
0.6,1.0,0.4,0.0,-13940.8
0.6,1.0,0.2,1.0,-6927.8
0.6,1.0,0.2,0.8,-12921.8
0.6,1.0,0.2,0.6,-12921.8
0.6,1.0,0.2,0.4,-12842.7
0.6,1.0,0.2,0.2,-12921.8
0.6,1.0,0.2,0.0,-12997.8
0.6,1.0,0.0,1.0,-1048.9
0.6,1.0,0.0,0.8,-18141.4
0.6,1.0,0.0,0.6,-18141.4
0.6,1.0,0.0,0.4,-18141.4
0.6,1.0,0.0,0.2,-18141.4
0.6,1.0,0.0,0.0,-18141.4
0.6,0.8,1.0,1.0,0.0
0.6,0.8,1.0,0.8,0.0
0.6,0.8,1.0,0.6,0.0
0.6,0.8,1.0,0.4,0.0
0.6,0.8,1.0,0.2,0.0
0.6,0.8,1.0,0.0,0.0
0.6,0.8,0.8,1.0,-13349.8
0.6,0.8,0.8,0.8,-13564.4
0.6,0.8,0.8,0.6,-13503.0
0.6,0.8,0.8,0.4,-13507.1
0.6,0.8,0.8,0.2,-13472.4
0.6,0.8,0.8,0.0,-13642.7
0.6,0.8,0.6,1.0,-11382.9
0.6,0.8,0.6,0.8,-13064.0
0.6,0.8,0.6,0.6,-13086.5
0.6,0.8,0.6,0.4,-12919.6
0.6,0.8,0.6,0.2,-12907.7
0.6,0.8,0.6,0.0,-13661.4
0.6,0.8,0.4,1.0,-12471.5
0.6,0.8,0.4,0.8,-12925.6
0.6,0.8,0.4,0.6,-12925.7
0.6,0.8,0.4,0.4,-12925.7
0.6,0.8,0.4,0.2,-12925.8
0.6,0.8,0.4,0.0,-13922.6
0.6,0.8,0.2,1.0,-12164.7
0.6,0.8,0.2,0.8,-13543.6
0.6,0.8,0.2,0.6,-13521.9
0.6,0.8,0.2,0.4,-13543.7
0.6,0.8,0.2,0.2,-13522.2
0.6,0.8,0.2,0.0,-13556.9
0.6,0.8,0.0,1.0,-18121.8
0.6,0.8,0.0,0.8,-17755.7
0.6,0.8,0.0,0.6,-17754.2
0.6,0.8,0.0,0.4,-17774.0
0.6,0.8,0.0,0.2,-16953.6
0.6,0.8,0.0,0.0,-16601.1
0.6,0.6,1.0,1.0,0.0
0.6,0.6,1.0,0.8,0.0
0.6,0.6,1.0,0.6,0.0
0.6,0.6,1.0,0.4,0.0
0.6,0.6,1.0,0.2,0.0
0.6,0.6,1.0,0.0,0.0
0.6,0.6,0.8,1.0,-13197.9
0.6,0.6,0.8,0.8,-13565.6
0.6,0.6,0.8,0.6,-13586.8
0.6,0.6,0.8,0.4,-13554.2
0.6,0.6,0.8,0.2,-13586.8
0.6,0.6,0.8,0.0,-13153.7
0.6,0.6,0.6,1.0,-11943.2
0.6,0.6,0.6,0.8,-13061.0
0.6,0.6,0.6,0.6,-13086.5
0.6,0.6,0.6,0.4,-12959.5
0.6,0.6,0.6,0.2,-12991.2
0.6,0.6,0.6,0.0,-13685.8
0.6,0.6,0.4,1.0,-12361.3
0.6,0.6,0.4,0.8,-13062.7
0.6,0.6,0.4,0.6,-13065.4
0.6,0.6,0.4,0.4,-12925.7
0.6,0.6,0.4,0.2,-12925.8
0.6,0.6,0.4,0.0,-13922.7
0.6,0.6,0.2,1.0,-12018.1
0.6,0.6,0.2,0.8,-13543.7
0.6,0.6,0.2,0.6,-13543.7
0.6,0.6,0.2,0.4,-13463.8
0.6,0.6,0.2,0.2,-13543.7
0.6,0.6,0.2,0.0,-13639.8
0.6,0.6,0.0,1.0,-16952.1
0.6,0.6,0.0,0.8,-17804.3
0.6,0.6,0.0,0.6,-17750.3
0.6,0.6,0.0,0.4,-16612.1
0.6,0.6,0.0,0.2,-17826.3
0.6,0.6,0.0,0.0,-17792.1
0.6,0.4,1.0,1.0,0.0
0.6,0.4,1.0,0.8,0.0
0.6,0.4,1.0,0.6,0.0
0.6,0.4,1.0,0.4,0.0
0.6,0.4,1.0,0.2,0.0
0.6,0.4,1.0,0.0,0.0
0.6,0.4,0.8,1.0,-2938.9
0.6,0.4,0.8,0.8,-2938.9
0.6,0.4,0.8,0.6,-2938.9
0.6,0.4,0.8,0.4,-2938.9
0.6,0.4,0.8,0.2,-2938.9
0.6,0.4,0.8,0.0,-2938.9
0.6,0.4,0.6,1.0,-12107.7
0.6,0.4,0.6,0.8,-13010.4
0.6,0.4,0.6,0.6,-12989.1
0.6,0.4,0.6,0.4,-12988.7
0.6,0.4,0.6,0.2,-12998.9
0.6,0.4,0.6,0.0,-13685.8
0.6,0.4,0.4,1.0,-12429.1
0.6,0.4,0.4,0.8,-13086.5
0.6,0.4,0.4,0.6,-13086.5
0.6,0.4,0.4,0.4,-12925.7
0.6,0.4,0.4,0.2,-12925.8
0.6,0.4,0.4,0.0,-13641.8
0.6,0.4,0.2,1.0,-12016.2
0.6,0.4,0.2,0.8,-13511.0
0.6,0.4,0.2,0.6,-13406.2
0.6,0.4,0.2,0.4,-13518.5
0.6,0.4,0.2,0.2,-13543.7
0.6,0.4,0.2,0.0,-13556.9
0.6,0.4,0.0,1.0,-18127.6
0.6,0.4,0.0,0.8,-16619.5
0.6,0.4,0.0,0.6,-17753.2
0.6,0.4,0.0,0.4,-17784.4
0.6,0.4,0.0,0.2,-17754.2
0.6,0.4,0.0,0.0,-17842.4
0.6,0.2,1.0,1.0,0.0
0.6,0.2,1.0,0.8,0.0
0.6,0.2,1.0,0.6,0.0
0.6,0.2,1.0,0.4,0.0
0.6,0.2,1.0,0.2,0.0
0.6,0.2,1.0,0.0,0.0
0.6,0.2,0.8,1.0,-2939.9
0.6,0.2,0.8,0.8,-2939.9
0.6,0.2,0.8,0.6,-2939.9
0.6,0.2,0.8,0.4,-2939.9
0.6,0.2,0.8,0.2,-2939.9
0.6,0.2,0.8,0.0,-2939.9
0.6,0.2,0.6,1.0,-12130.2
0.6,0.2,0.6,0.8,-13064.4
0.6,0.2,0.6,0.6,-13101.6
0.6,0.2,0.6,0.4,-13000.0
0.6,0.2,0.6,0.2,-13126.7
0.6,0.2,0.6,0.0,-13878.7
0.6,0.2,0.4,1.0,-12474.2
0.6,0.2,0.4,0.8,-13126.5
0.6,0.2,0.4,0.6,-13062.5
0.6,0.2,0.4,0.4,-13126.6
0.6,0.2,0.4,0.2,-12925.8
0.6,0.2,0.4,0.0,-13922.7
0.6,0.2,0.2,1.0,-12263.0
0.6,0.2,0.2,0.8,-13488.0
0.6,0.2,0.2,0.6,-13518.0
0.6,0.2,0.2,0.4,-13469.3
0.6,0.2,0.2,0.2,-13543.7
0.6,0.2,0.2,0.0,-13639.8
0.6,0.2,0.0,1.0,-18148.6
0.6,0.2,0.0,0.8,-16622.2
0.6,0.2,0.0,0.6,-17805.9
0.6,0.2,0.0,0.4,-16597.5
0.6,0.2,0.0,0.2,-16596.7
0.6,0.2,0.0,0.0,-17778.0
0.6,0.0,1.0,1.0,0.0
0.6,0.0,1.0,0.8,0.0
0.6,0.0,1.0,0.6,0.0
0.6,0.0,1.0,0.4,0.0
0.6,0.0,1.0,0.2,0.0
0.6,0.0,1.0,0.0,0.0
0.6,0.0,0.8,1.0,-672.5
0.6,0.0,0.8,0.8,-1414.7
0.6,0.0,0.8,0.6,-1398.4
0.6,0.0,0.8,0.4,-903.4
0.6,0.0,0.8,0.2,-1485.0
0.6,0.0,0.8,0.0,-1147.2
0.6,0.0,0.6,1.0,-18123.2
0.6,0.0,0.6,0.8,-16232.6
0.6,0.0,0.6,0.6,-16639.8
0.6,0.0,0.6,0.4,-16606.6
0.6,0.0,0.6,0.2,-16612.2
0.6,0.0,0.6,0.0,-16625.6
0.6,0.0,0.4,1.0,-17757.3
0.6,0.0,0.4,0.8,-17826.5
0.6,0.0,0.4,0.6,-16710.2
0.6,0.0,0.4,0.4,-16658.9
0.6,0.0,0.4,0.2,-16962.9
0.6,0.0,0.4,0.0,-16709.7
0.6,0.0,0.2,1.0,-18149.9
0.6,0.0,0.2,0.8,-17779.3
0.6,0.0,0.2,0.6,-16672.6
0.6,0.0,0.2,0.4,-16661.9
0.6,0.0,0.2,0.2,-17773.8
0.6,0.0,0.2,0.0,-17751.4
0.6,0.0,0.0,1.0,-18096.6
0.6,0.0,0.0,0.8,-18166.5
0.6,0.0,0.0,0.6,-16570.5
0.6,0.0,0.0,0.4,-17750.2
0.6,0.0,0.0,0.2,-17764.6
0.6,0.0,0.0,0.0,-18124.2
0.4,1.0,1.0,1.0,0.0
0.4,1.0,1.0,0.8,0.0
0.4,1.0,1.0,0.6,0.0
0.4,1.0,1.0,0.4,0.0
0.4,1.0,1.0,0.2,0.0
0.4,1.0,1.0,0.0,0.0
0.4,1.0,0.8,1.0,-7523.5
0.4,1.0,0.8,0.8,-12282.3
0.4,1.0,0.8,0.6,-13242.4
0.4,1.0,0.8,0.4,-13230.5
0.4,1.0,0.8,0.2,-13262.3
0.4,1.0,0.8,0.0,-13610.9
0.4,1.0,0.6,1.0,-8345.1
0.4,1.0,0.6,0.8,-13180.7
0.4,1.0,0.6,0.6,-12762.2
0.4,1.0,0.6,0.4,-12762.2
0.4,1.0,0.6,0.2,-12762.3
0.4,1.0,0.6,0.0,-12940.6
0.4,1.0,0.4,1.0,-2186.6
0.4,1.0,0.4,0.8,-2956.3
0.4,1.0,0.4,0.6,-2916.3
0.4,1.0,0.4,0.4,-2956.2
0.4,1.0,0.4,0.2,-2956.3
0.4,1.0,0.4,0.0,-2956.3
0.4,1.0,0.2,1.0,-1039.9
0.4,1.0,0.2,0.8,-12881.8
0.4,1.0,0.2,0.6,-12881.8
0.4,1.0,0.2,0.4,-12881.8
0.4,1.0,0.2,0.2,-12881.8
0.4,1.0,0.2,0.0,-13341.8
0.4,1.0,0.0,1.0,-955.2
0.4,1.0,0.0,0.8,-17801.4
0.4,1.0,0.0,0.6,-17801.4
0.4,1.0,0.0,0.4,-17801.4
0.4,1.0,0.0,0.2,-17801.4
0.4,1.0,0.0,0.0,-17797.4
0.4,0.8,1.0,1.0,0.0
0.4,0.8,1.0,0.8,0.0
0.4,0.8,1.0,0.6,0.0
0.4,0.8,1.0,0.4,0.0
0.4,0.8,1.0,0.2,0.0
0.4,0.8,1.0,0.0,0.0
0.4,0.8,0.8,1.0,-13349.8
0.4,0.8,0.8,0.8,-13547.3
0.4,0.8,0.8,0.6,-13586.7
0.4,0.8,0.8,0.4,-13532.0
0.4,0.8,0.8,0.2,-13552.8
0.4,0.8,0.8,0.0,-13642.7
0.4,0.8,0.6,1.0,-12249.7
0.4,0.8,0.6,0.8,-13104.0
0.4,0.8,0.6,0.6,-13066.0
0.4,0.8,0.6,0.4,-13003.1
0.4,0.8,0.6,0.2,-12967.5
0.4,0.8,0.6,0.0,-13685.8
0.4,0.8,0.4,1.0,-2679.6
0.4,0.8,0.4,0.8,-2917.3
0.4,0.8,0.4,0.6,-2957.2
0.4,0.8,0.4,0.4,-2957.3
0.4,0.8,0.4,0.2,-2957.2
0.4,0.8,0.4,0.0,-2957.3
0.4,0.8,0.2,1.0,-12409.9
0.4,0.8,0.2,0.8,-12943.6
0.4,0.8,0.2,0.6,-12917.6
0.4,0.8,0.2,0.4,-13469.8
0.4,0.8,0.2,0.2,-13518.2
0.4,0.8,0.2,0.0,-12972.9
0.4,0.8,0.0,1.0,-17758.1
0.4,0.8,0.0,0.8,-17846.4
0.4,0.8,0.0,0.6,-17786.1
0.4,0.8,0.0,0.4,-17776.4
0.4,0.8,0.0,0.2,-17741.1
0.4,0.8,0.0,0.0,-17842.4
0.4,0.6,1.0,1.0,0.0
0.4,0.6,1.0,0.8,0.0
0.4,0.6,1.0,0.6,0.0
0.4,0.6,1.0,0.4,0.0
0.4,0.6,1.0,0.2,0.0
0.4,0.6,1.0,0.0,0.0
0.4,0.6,0.8,1.0,-13349.8
0.4,0.6,0.8,0.8,-13586.8
0.4,0.6,0.8,0.6,-13503.4
0.4,0.6,0.8,0.4,-13586.8
0.4,0.6,0.8,0.2,-13544.8
0.4,0.6,0.8,0.0,-13642.7
0.4,0.6,0.6,1.0,-12249.8
0.4,0.6,0.6,0.8,-13059.8
0.4,0.6,0.6,0.6,-13062.2
0.4,0.6,0.6,0.4,-12984.3
0.4,0.6,0.6,0.2,-12949.8
0.4,0.6,0.6,0.0,-13663.2
0.4,0.6,0.4,1.0,-2838.2
0.4,0.6,0.4,0.8,-2958.3
0.4,0.6,0.4,0.6,-2958.3
0.4,0.6,0.4,0.4,-2918.3
0.4,0.6,0.4,0.2,-2958.3
0.4,0.6,0.4,0.0,-2958.3
0.4,0.6,0.2,1.0,-11283.8
0.4,0.6,0.2,0.8,-13525.1
0.4,0.6,0.2,0.6,-13543.7
0.4,0.6,0.2,0.4,-13543.7
0.4,0.6,0.2,0.2,-13413.8
0.4,0.6,0.2,0.0,-12939.9
0.4,0.6,0.0,1.0,-17765.4
0.4,0.6,0.0,0.8,-17802.5
0.4,0.6,0.0,0.6,-17826.3
0.4,0.6,0.0,0.4,-17797.3
0.4,0.6,0.0,0.2,-17742.0
0.4,0.6,0.0,0.0,-17781.2
0.4,0.4,1.0,1.0,0.0
0.4,0.4,1.0,0.8,0.0
0.4,0.4,1.0,0.6,0.0
0.4,0.4,1.0,0.4,0.0
0.4,0.4,1.0,0.2,0.0
0.4,0.4,1.0,0.0,0.0
0.4,0.4,0.8,1.0,-2928.8
0.4,0.4,0.8,0.8,-2928.8
0.4,0.4,0.8,0.6,-2928.8
0.4,0.4,0.8,0.4,-2928.8
0.4,0.4,0.8,0.2,-2928.8
0.4,0.4,0.8,0.0,-2928.8
0.4,0.4,0.6,1.0,-2761.0
0.4,0.4,0.6,0.8,-2881.6
0.4,0.4,0.6,0.6,-2921.6
0.4,0.4,0.6,0.4,-2921.5
0.4,0.4,0.6,0.2,-2921.6
0.4,0.4,0.6,0.0,-2901.2
0.4,0.4,0.4,1.0,-2601.6
0.4,0.4,0.4,0.8,-2959.2
0.4,0.4,0.4,0.6,-2959.2
0.4,0.4,0.4,0.4,-2959.2
0.4,0.4,0.4,0.2,-2919.3
0.4,0.4,0.4,0.0,-2959.2
0.4,0.4,0.2,1.0,-12162.8
0.4,0.4,0.2,0.8,-13409.3
0.4,0.4,0.2,0.6,-13417.3
0.4,0.4,0.2,0.4,-13450.4
0.4,0.4,0.2,0.2,-13405.3
0.4,0.4,0.2,0.0,-13040.5
0.4,0.4,0.0,1.0,-17809.0
0.4,0.4,0.0,0.8,-17784.5
0.4,0.4,0.0,0.6,-17752.8
0.4,0.4,0.0,0.4,-17743.0
0.4,0.4,0.0,0.2,-17758.6
0.4,0.4,0.0,0.0,-18186.4
0.4,0.2,1.0,1.0,0.0
0.4,0.2,1.0,0.8,0.0
0.4,0.2,1.0,0.6,0.0
0.4,0.2,1.0,0.4,0.0
0.4,0.2,1.0,0.2,0.0
0.4,0.2,1.0,0.0,0.0
0.4,0.2,0.8,1.0,-2929.8
0.4,0.2,0.8,0.8,-2929.8
0.4,0.2,0.8,0.6,-2929.8
0.4,0.2,0.8,0.4,-2929.8
0.4,0.2,0.8,0.2,-2929.8
0.4,0.2,0.8,0.0,-2929.8
0.4,0.2,0.6,1.0,-2762.6
0.4,0.2,0.6,0.8,-2922.6
0.4,0.2,0.6,0.6,-2922.6
0.4,0.2,0.6,0.4,-2882.6
0.4,0.2,0.6,0.2,-2922.6
0.4,0.2,0.6,0.0,-2902.3
0.4,0.2,0.4,1.0,-2682.6
0.4,0.2,0.4,0.8,-2922.0
0.4,0.2,0.4,0.6,-2922.1
0.4,0.2,0.4,0.4,-2962.0
0.4,0.2,0.4,0.2,-2962.1
0.4,0.2,0.4,0.0,-2962.0
0.4,0.2,0.2,1.0,-12267.5
0.4,0.2,0.2,0.8,-13464.1
0.4,0.2,0.2,0.6,-13379.8
0.4,0.2,0.2,0.4,-13466.7
0.4,0.2,0.2,0.2,-13522.6
0.4,0.2,0.2,0.0,-13040.5
0.4,0.2,0.0,1.0,-17809.0
0.4,0.2,0.0,0.8,-17744.9
0.4,0.2,0.0,0.6,-17743.6
0.4,0.2,0.0,0.4,-17746.3
0.4,0.2,0.0,0.2,-17826.4
0.4,0.2,0.0,0.0,-17790.5
0.4,0.0,1.0,1.0,0.0
0.4,0.0,1.0,0.8,0.0
0.4,0.0,1.0,0.6,0.0
0.4,0.0,1.0,0.4,0.0
0.4,0.0,1.0,0.2,0.0
0.4,0.0,1.0,0.0,0.0
0.4,0.0,0.8,1.0,-1744.2
0.4,0.0,0.8,0.8,-1257.7
0.4,0.0,0.8,0.6,-1517.8
0.4,0.0,0.8,0.4,-1597.9
0.4,0.0,0.8,0.2,-1918.1
0.4,0.0,0.8,0.0,-1802.2
0.4,0.0,0.6,1.0,-601.8
0.4,0.0,0.6,0.8,-1536.4
0.4,0.0,0.6,0.6,-1367.4
0.4,0.0,0.6,0.4,-1078.5
0.4,0.0,0.6,0.2,-1318.4
0.4,0.0,0.6,0.0,-1229.6
0.4,0.0,0.4,1.0,-501.5
0.4,0.0,0.4,0.8,-2550.7
0.4,0.0,0.4,0.6,-2550.7
0.4,0.0,0.4,0.4,-2534.1
0.4,0.0,0.4,0.2,-2534.1
0.4,0.0,0.4,0.0,-2147.3
0.4,0.0,0.2,1.0,-17762.6
0.4,0.0,0.2,0.8,-17747.9
0.4,0.0,0.2,0.6,-17802.0
0.4,0.0,0.2,0.4,-17765.7
0.4,0.0,0.2,0.2,-17781.3
0.4,0.0,0.2,0.0,-17764.0
0.4,0.0,0.0,1.0,-18113.4
0.4,0.0,0.0,0.8,-18186.4
0.4,0.0,0.0,0.6,-17763.2
0.4,0.0,0.0,0.4,-17776.3
0.4,0.0,0.0,0.2,-18186.4
0.4,0.0,0.0,0.0,-17775.7
0.2,1.0,1.0,1.0,0.0
0.2,1.0,1.0,0.8,0.0
0.2,1.0,1.0,0.6,0.0
0.2,1.0,1.0,0.4,0.0
0.2,1.0,1.0,0.2,0.0
0.2,1.0,1.0,0.0,0.0
0.2,1.0,0.8,1.0,-1254.1
0.2,1.0,0.8,0.8,-3002.2
0.2,1.0,0.8,0.6,-13262.3
0.2,1.0,0.8,0.4,-13230.6
0.2,1.0,0.8,0.2,-13238.6
0.2,1.0,0.8,0.0,-12065.0
0.2,1.0,0.6,1.0,-10625.7
0.2,1.0,0.6,0.8,-12802.3
0.2,1.0,0.6,0.6,-12802.3
0.2,1.0,0.6,0.4,-12784.4
0.2,1.0,0.6,0.2,-13105.7
0.2,1.0,0.6,0.0,-11198.3
0.2,1.0,0.4,1.0,-2391.4
0.2,1.0,0.4,0.8,-2956.3
0.2,1.0,0.4,0.6,-2956.2
0.2,1.0,0.4,0.4,-2916.3
0.2,1.0,0.4,0.2,-2956.2
0.2,1.0,0.4,0.0,-2956.3
0.2,1.0,0.2,1.0,-6837.4
0.2,1.0,0.2,0.8,-12881.8
0.2,1.0,0.2,0.6,-12881.8
0.2,1.0,0.2,0.4,-12756.8
0.2,1.0,0.2,0.2,-12881.8
0.2,1.0,0.2,0.0,-12097.8
0.2,1.0,0.0,1.0,-1029.6
0.2,1.0,0.0,0.8,-17801.4
0.2,1.0,0.0,0.6,-17801.4
0.2,1.0,0.0,0.4,-17801.4
0.2,1.0,0.0,0.2,-17801.4
0.2,1.0,0.0,0.0,-18112.5
0.2,0.8,1.0,1.0,0.0
0.2,0.8,1.0,0.8,0.0
0.2,0.8,1.0,0.6,0.0
0.2,0.8,1.0,0.4,0.0
0.2,0.8,1.0,0.2,0.0
0.2,0.8,1.0,0.0,0.0
0.2,0.8,0.8,1.0,-13349.8
0.2,0.8,0.8,0.8,-3003.2
0.2,0.8,0.8,0.6,-13542.6
0.2,0.8,0.8,0.4,-13541.6
0.2,0.8,0.8,0.2,-13486.0
0.2,0.8,0.8,0.0,-12742.7
0.2,0.8,0.6,1.0,-12191.2
0.2,0.8,0.6,0.8,-13206.6
0.2,0.8,0.6,0.6,-13139.1
0.2,0.8,0.6,0.4,-13003.3
0.2,0.8,0.6,0.2,-13056.1
0.2,0.8,0.6,0.0,-11541.8
0.2,0.8,0.4,1.0,-2957.3
0.2,0.8,0.4,0.8,-2957.1
0.2,0.8,0.4,0.6,-2957.3
0.2,0.8,0.4,0.4,-2957.3
0.2,0.8,0.4,0.2,-2957.1
0.2,0.8,0.4,0.0,-2957.3
0.2,0.8,0.2,1.0,-11903.8
0.2,0.8,0.2,0.8,-13258.8
0.2,0.8,0.2,0.6,-13283.6
0.2,0.8,0.2,0.4,-13462.4
0.2,0.8,0.2,0.2,-13521.2
0.2,0.8,0.2,0.0,-11771.7
0.2,0.8,0.0,1.0,-17783.2
0.2,0.8,0.0,0.8,-17773.2
0.2,0.8,0.0,0.6,-17750.9
0.2,0.8,0.0,0.4,-17749.9
0.2,0.8,0.0,0.2,-17761.6
0.2,0.8,0.0,0.0,-17795.6
0.2,0.6,1.0,1.0,0.0
0.2,0.6,1.0,0.8,0.0
0.2,0.6,1.0,0.6,0.0
0.2,0.6,1.0,0.4,0.0
0.2,0.6,1.0,0.2,0.0
0.2,0.6,1.0,0.0,0.0
0.2,0.6,0.8,1.0,-13310.2
0.2,0.6,0.8,0.8,-2960.2
0.2,0.6,0.8,0.6,-13586.8
0.2,0.6,0.8,0.4,-13527.2
0.2,0.6,0.8,0.2,-13586.8
0.2,0.6,0.8,0.0,-12742.7
0.2,0.6,0.6,1.0,-12249.8
0.2,0.6,0.6,0.8,-13206.7
0.2,0.6,0.6,0.6,-13102.7
0.2,0.6,0.6,0.4,-13077.2
0.2,0.6,0.6,0.2,-13019.8
0.2,0.6,0.6,0.0,-11513.6
0.2,0.6,0.4,1.0,-1909.7
0.2,0.6,0.4,0.8,-2958.3
0.2,0.6,0.4,0.6,-2878.3
0.2,0.6,0.4,0.4,-2918.2
0.2,0.6,0.4,0.2,-2958.3
0.2,0.6,0.4,0.0,-2958.2
0.2,0.6,0.2,1.0,-12085.5
0.2,0.6,0.2,0.8,-13543.7
0.2,0.6,0.2,0.6,-13514.9
0.2,0.6,0.2,0.4,-13459.6
0.2,0.6,0.2,0.2,-13543.7
0.2,0.6,0.2,0.0,-11982.8
0.2,0.6,0.0,1.0,-17764.4
0.2,0.6,0.0,0.8,-17745.2
0.2,0.6,0.0,0.6,-17803.4
0.2,0.6,0.0,0.4,-17754.1
0.2,0.6,0.0,0.2,-17804.2
0.2,0.6,0.0,0.0,-17754.7
0.2,0.4,1.0,1.0,0.0
0.2,0.4,1.0,0.8,0.0
0.2,0.4,1.0,0.6,0.0
0.2,0.4,1.0,0.4,0.0
0.2,0.4,1.0,0.2,0.0
0.2,0.4,1.0,0.0,0.0
0.2,0.4,0.8,1.0,-2928.8
0.2,0.4,0.8,0.8,-2928.8
0.2,0.4,0.8,0.6,-2928.8
0.2,0.4,0.8,0.4,-2928.8
0.2,0.4,0.8,0.2,-2928.8
0.2,0.4,0.8,0.0,-2928.8
0.2,0.4,0.6,1.0,-2759.3
0.2,0.4,0.6,0.8,-2959.2
0.2,0.4,0.6,0.6,-2919.2
0.2,0.4,0.6,0.4,-2879.2
0.2,0.4,0.6,0.2,-2959.2
0.2,0.4,0.6,0.0,-2959.3
0.2,0.4,0.4,1.0,-2759.3
0.2,0.4,0.4,0.8,-2959.3
0.2,0.4,0.4,0.6,-2919.2
0.2,0.4,0.4,0.4,-2919.2
0.2,0.4,0.4,0.2,-2959.2
0.2,0.4,0.4,0.0,-2959.2
0.2,0.4,0.2,1.0,-12046.5
0.2,0.4,0.2,0.8,-13377.6
0.2,0.4,0.2,0.6,-13360.6
0.2,0.4,0.2,0.4,-13452.9
0.2,0.4,0.2,0.2,-13543.7
0.2,0.4,0.2,0.0,-11757.2
0.2,0.4,0.0,1.0,-17809.0
0.2,0.4,0.0,0.8,-17753.4
0.2,0.4,0.0,0.6,-17750.2
0.2,0.4,0.0,0.4,-17826.3
0.2,0.4,0.0,0.2,-17826.4
0.2,0.4,0.0,0.0,-17751.7
0.2,0.2,1.0,1.0,0.0
0.2,0.2,1.0,0.8,0.0
0.2,0.2,1.0,0.6,0.0
0.2,0.2,1.0,0.4,0.0
0.2,0.2,1.0,0.2,0.0
0.2,0.2,1.0,0.0,0.0
0.2,0.2,0.8,1.0,-2849.8
0.2,0.2,0.8,0.8,-2929.8
0.2,0.2,0.8,0.6,-2929.8
0.2,0.2,0.8,0.4,-2929.8
0.2,0.2,0.8,0.2,-2929.8
0.2,0.2,0.8,0.0,-2929.8
0.2,0.2,0.6,1.0,-2722.0
0.2,0.2,0.6,0.8,-2922.1
0.2,0.2,0.6,0.6,-2962.1
0.2,0.2,0.6,0.4,-2922.1
0.2,0.2,0.6,0.2,-2962.1
0.2,0.2,0.6,0.0,-2962.1
0.2,0.2,0.4,1.0,-2641.9
0.2,0.2,0.4,0.8,-2922.1
0.2,0.2,0.4,0.6,-2961.9
0.2,0.2,0.4,0.4,-2962.1
0.2,0.2,0.4,0.2,-2922.1
0.2,0.2,0.4,0.0,-2962.1
0.2,0.2,0.2,1.0,-12225.8
0.2,0.2,0.2,0.8,-13543.7
0.2,0.2,0.2,0.6,-13521.9
0.2,0.2,0.2,0.4,-13458.6
0.2,0.2,0.2,0.2,-13543.7
0.2,0.2,0.2,0.0,-11757.2
0.2,0.2,0.0,1.0,-17809.0
0.2,0.2,0.0,0.8,-17826.3
0.2,0.2,0.0,0.6,-17826.3
0.2,0.2,0.0,0.4,-17775.6
0.2,0.2,0.0,0.2,-17826.4
0.2,0.2,0.0,0.0,-17799.4
0.2,0.0,1.0,1.0,0.0
0.2,0.0,1.0,0.8,0.0
0.2,0.0,1.0,0.6,0.0
0.2,0.0,1.0,0.4,0.0
0.2,0.0,1.0,0.2,0.0
0.2,0.0,1.0,0.0,0.0
0.2,0.0,0.8,1.0,-665.3
0.2,0.0,0.8,0.8,-1685.0
0.2,0.0,0.8,0.6,-1488.4
0.2,0.0,0.8,0.4,-1444.6
0.2,0.0,0.8,0.2,-1558.1
0.2,0.0,0.8,0.0,-871.5
0.2,0.0,0.6,1.0,-841.8
0.2,0.0,0.6,0.8,-2493.3
0.2,0.0,0.6,0.6,-2313.2
0.2,0.0,0.6,0.4,-2293.3
0.2,0.0,0.6,0.2,-2293.1
0.2,0.0,0.6,0.0,-2449.2
0.2,0.0,0.4,1.0,-687.6
0.2,0.0,0.4,0.8,-2534.4
0.2,0.0,0.4,0.6,-2454.3
0.2,0.0,0.4,0.4,-2534.4
0.2,0.0,0.4,0.2,-2494.4
0.2,0.0,0.4,0.0,-2550.4
0.2,0.0,0.2,1.0,-17743.2
0.2,0.0,0.2,0.8,-17742.8
0.2,0.0,0.2,0.6,-17795.0
0.2,0.0,0.2,0.4,-17745.9
0.2,0.0,0.2,0.2,-17770.8
0.2,0.0,0.2,0.0,-17425.1
0.2,0.0,0.0,1.0,-18133.8
0.2,0.0,0.0,0.8,-18115.8
0.2,0.0,0.0,0.6,-18149.8
0.2,0.0,0.0,0.4,-18132.1
0.2,0.0,0.0,0.2,-18127.8
0.2,0.0,0.0,0.0,-18150.4
0.0,1.0,1.0,1.0,0.0
0.0,1.0,1.0,0.8,0.0
0.0,1.0,1.0,0.6,0.0
0.0,1.0,1.0,0.4,0.0
0.0,1.0,1.0,0.2,0.0
0.0,1.0,1.0,0.0,0.0
0.0,1.0,0.8,1.0,-1513.9
0.0,1.0,0.8,0.8,-1624.3
0.0,1.0,0.8,0.6,-1752.2
0.0,1.0,0.8,0.4,-1844.8
0.0,1.0,0.8,0.2,-1822.4
0.0,1.0,0.8,0.0,-2436.3
0.0,1.0,0.6,1.0,-1766.1
0.0,1.0,0.6,0.8,-1833.3
0.0,1.0,0.6,0.6,-2025.4
0.0,1.0,0.6,0.4,-1999.1
0.0,1.0,0.6,0.2,-1975.8
0.0,1.0,0.6,0.0,-1753.4
0.0,1.0,0.4,1.0,-2004.1
0.0,1.0,0.4,0.8,-2048.6
0.0,1.0,0.4,0.6,-1994.9
0.0,1.0,0.4,0.4,-1867.4
0.0,1.0,0.4,0.2,-2137.8
0.0,1.0,0.4,0.0,-1995.5
0.0,1.0,0.2,1.0,-1609.6
0.0,1.0,0.2,0.8,-1701.5
0.0,1.0,0.2,0.6,-1708.2
0.0,1.0,0.2,0.4,-1689.0
0.0,1.0,0.2,0.2,-1641.5
0.0,1.0,0.2,0.0,-1510.2
0.0,1.0,0.0,1.0,-1342.0
0.0,1.0,0.0,0.8,-1201.1
0.0,1.0,0.0,0.6,-1216.5
0.0,1.0,0.0,0.4,-1474.2
0.0,1.0,0.0,0.2,-1485.5
0.0,1.0,0.0,0.0,-1310.8
0.0,0.8,1.0,1.0,0.0
0.0,0.8,1.0,0.8,0.0
0.0,0.8,1.0,0.6,0.0
0.0,0.8,1.0,0.4,0.0
0.0,0.8,1.0,0.2,0.0
0.0,0.8,1.0,0.0,0.0
0.0,0.8,0.8,1.0,-1563.4
0.0,0.8,0.8,0.8,-1767.3
0.0,0.8,0.8,0.6,-1693.0
0.0,0.8,0.8,0.4,-1746.8
0.0,0.8,0.8,0.2,-2084.9
0.0,0.8,0.8,0.0,-1778.1
0.0,0.8,0.6,1.0,-2242.2
0.0,0.8,0.6,0.8,-1994.4
0.0,0.8,0.6,0.6,-1913.2
0.0,0.8,0.6,0.4,-1753.0
0.0,0.8,0.6,0.2,-1570.2
0.0,0.8,0.6,0.0,-2304.6
0.0,0.8,0.4,1.0,-2138.0
0.0,0.8,0.4,0.8,-2165.4
0.0,0.8,0.4,0.6,-1838.0
0.0,0.8,0.4,0.4,-2078.1
0.0,0.8,0.4,0.2,-1756.9
0.0,0.8,0.4,0.0,-1921.4
0.0,0.8,0.2,1.0,-1682.6
0.0,0.8,0.2,0.8,-2155.8
0.0,0.8,0.2,0.6,-2442.4
0.0,0.8,0.2,0.4,-1488.3
0.0,0.8,0.2,0.2,-1817.8
0.0,0.8,0.2,0.0,-1436.0
0.0,0.8,0.0,1.0,-467.1
0.0,0.8,0.0,0.8,-626.1
0.0,0.8,0.0,0.6,-623.4
0.0,0.8,0.0,0.4,-1402.6
0.0,0.8,0.0,0.2,-1481.1
0.0,0.8,0.0,0.0,-1277.5
0.0,0.6,1.0,1.0,0.0
0.0,0.6,1.0,0.8,0.0
0.0,0.6,1.0,0.6,0.0
0.0,0.6,1.0,0.4,0.0
0.0,0.6,1.0,0.2,0.0
0.0,0.6,1.0,0.0,0.0
0.0,0.6,0.8,1.0,-1604.8
0.0,0.6,0.8,0.8,-1629.0
0.0,0.6,0.8,0.6,-2085.4
0.0,0.6,0.8,0.4,-2005.4
0.0,0.6,0.8,0.2,-1594.7
0.0,0.6,0.8,0.0,-1690.4
0.0,0.6,0.6,1.0,-1964.2
0.0,0.6,0.6,0.8,-1964.4
0.0,0.6,0.6,0.6,-2302.3
0.0,0.6,0.6,0.4,-1616.5
0.0,0.6,0.6,0.2,-1530.2
0.0,0.6,0.6,0.0,-2129.4
0.0,0.6,0.4,1.0,-2325.7
0.0,0.6,0.4,0.8,-1833.3
0.0,0.6,0.4,0.6,-1760.5
0.0,0.6,0.4,0.4,-1888.1
0.0,0.6,0.4,0.2,-1796.1
0.0,0.6,0.4,0.0,-1864.5
0.0,0.6,0.2,1.0,-1492.2
0.0,0.6,0.2,0.8,-1763.3
0.0,0.6,0.2,0.6,-1832.2
0.0,0.6,0.2,0.4,-1522.1
0.0,0.6,0.2,0.2,-1746.6
0.0,0.6,0.2,0.0,-1453.4
0.0,0.6,0.0,1.0,-395.6
0.0,0.6,0.0,0.8,-252.4
0.0,0.6,0.0,0.6,-241.9
0.0,0.6,0.0,0.4,97.4
0.0,0.6,0.0,0.2,-1489.0
0.0,0.6,0.0,0.0,-249.4
0.0,0.4,1.0,1.0,0.0
0.0,0.4,1.0,0.8,0.0
0.0,0.4,1.0,0.6,0.0
0.0,0.4,1.0,0.4,0.0
0.0,0.4,1.0,0.2,0.0
0.0,0.4,1.0,0.0,0.0
0.0,0.4,0.8,1.0,-1741.9
0.0,0.4,0.8,0.8,-1926.2
0.0,0.4,0.8,0.6,-1857.5
0.0,0.4,0.8,0.4,-2047.1
0.0,0.4,0.8,0.2,-2125.4
0.0,0.4,0.8,0.0,-1777.4
0.0,0.4,0.6,1.0,-2145.5
0.0,0.4,0.6,0.8,-2325.4
0.0,0.4,0.6,0.6,-2125.4
0.0,0.4,0.6,0.4,-2146.8
0.0,0.4,0.6,0.2,-2260.1
0.0,0.4,0.6,0.0,-1731.7
0.0,0.4,0.4,1.0,-1882.2
0.0,0.4,0.4,0.8,-2125.4
0.0,0.4,0.4,0.6,-2275.6
0.0,0.4,0.4,0.4,-1874.2
0.0,0.4,0.4,0.2,-1805.4
0.0,0.4,0.4,0.0,-2075.3
0.0,0.4,0.2,1.0,-1580.1
0.0,0.4,0.2,0.8,-1843.7
0.0,0.4,0.2,0.6,-1674.2
0.0,0.4,0.2,0.4,-1885.4
0.0,0.4,0.2,0.2,-2010.6
0.0,0.4,0.2,0.0,-1399.2
0.0,0.4,0.0,1.0,-385.3
0.0,0.4,0.0,0.8,-1437.2
0.0,0.4,0.0,0.6,-1485.4
0.0,0.4,0.0,0.4,-1504.1
0.0,0.4,0.0,0.2,-1459.7
0.0,0.4,0.0,0.0,-1293.4
0.0,0.2,1.0,1.0,0.0
0.0,0.2,1.0,0.8,0.0
0.0,0.2,1.0,0.6,0.0
0.0,0.2,1.0,0.4,0.0
0.0,0.2,1.0,0.2,0.0
0.0,0.2,1.0,0.0,0.0
0.0,0.2,0.8,1.0,-1969.4
0.0,0.2,0.8,0.8,-2085.4
0.0,0.2,0.8,0.6,-1482.1
0.0,0.2,0.8,0.4,-1764.3
0.0,0.2,0.8,0.2,-1513.5
0.0,0.2,0.8,0.0,-1445.2
0.0,0.2,0.6,1.0,-894.5
0.0,0.2,0.6,0.8,-1875.1
0.0,0.2,0.6,0.6,-1933.7
0.0,0.2,0.6,0.4,-1658.0
0.0,0.2,0.6,0.2,-1665.0
0.0,0.2,0.6,0.0,-1685.9
0.0,0.2,0.4,1.0,-1969.4
0.0,0.2,0.4,0.8,-1817.5
0.0,0.2,0.4,0.6,-2222.7
0.0,0.2,0.4,0.4,-2045.9
0.0,0.2,0.4,0.2,-1840.4
0.0,0.2,0.4,0.0,-1642.5
0.0,0.2,0.2,1.0,-1897.2
0.0,0.2,0.2,0.8,-1483.2
0.0,0.2,0.2,0.6,-1796.1
0.0,0.2,0.2,0.4,-1267.6
0.0,0.2,0.2,0.2,-1787.3
0.0,0.2,0.2,0.0,-1483.8
0.0,0.2,0.0,1.0,-386.7
0.0,0.2,0.0,0.8,-1450.6
0.0,0.2,0.0,0.6,-1252.7
0.0,0.2,0.0,0.4,-1412.0
0.0,0.2,0.0,0.2,-1430.3
0.0,0.2,0.0,0.0,-1293.4
0.0,0.0,1.0,1.0,0.0
0.0,0.0,1.0,0.8,0.0
0.0,0.0,1.0,0.6,0.0
0.0,0.0,1.0,0.4,0.0
0.0,0.0,1.0,0.2,0.0
0.0,0.0,1.0,0.0,0.0
0.0,0.0,0.8,1.0,-969.4
0.0,0.0,0.8,0.8,-862.4
0.0,0.0,0.8,0.6,-794.3
0.0,0.0,0.8,0.4,-841.3
0.0,0.0,0.8,0.2,-859.9
0.0,0.0,0.8,0.0,-768.4
0.0,0.0,0.6,1.0,-702.5
0.0,0.0,0.6,0.8,-959.2
0.0,0.0,0.6,0.6,-837.3
0.0,0.0,0.6,0.4,-914.2
0.0,0.0,0.6,0.2,-712.2
0.0,0.0,0.6,0.0,-618.2
0.0,0.0,0.4,1.0,-842.3
0.0,0.0,0.4,0.8,-421.6
0.0,0.0,0.4,0.6,-956.2
0.0,0.0,0.4,0.4,-672.6
0.0,0.0,0.4,0.2,-985.3
0.0,0.0,0.4,0.0,-597.4
0.0,0.0,0.2,1.0,-593.5
0.0,0.0,0.2,0.8,-654.3
0.0,0.0,0.2,0.6,-718.1
0.0,0.0,0.2,0.4,-774.1
0.0,0.0,0.2,0.2,-610.9
0.0,0.0,0.2,0.0,-546.6
0.0,0.0,0.0,1.0,-504.6
0.0,0.0,0.0,0.8,-495.0
0.0,0.0,0.0,0.6,-494.0
0.0,0.0,0.0,0.4,-525.4
0.0,0.0,0.0,0.2,-505.5
0.0,0.0,0.0,0.0,-305.8