A Nodes Current_Node  Objective_Bounds Work  Incumbent BestBd   Gap  Depth Time  

     0     0 3049.44590    0  796 -6450.4000 3049.44590   147%     -    4s
H    0     0                    -5730.265234 3049.44590   153%     -    5s
H    0     0                    -5608.494034 3049.44590   154%     -    5s
H    0     0                    -5125.404418 3045.27120   159%     -    7s
     0     0 3005.40637    0  794 -5125.4044 3005.40637   159%     -    7s
H    0     0                    -4562.131665 3005.40637   166%     -   21s
H    0     0                    -4282.131665 3005.40637   170%     -   21s
H    0     0                    -3908.778604 3005.40637   177%     -   21s
     0     0 2978.88847    0  685 -3908.7786 2978.88847   176%     -   21s
H    0     0                    -3668.431320 2978.88847   181%     -   23s
     0     0 2978.40271    0  858 -3668.4313 2978.40271   181%     -   23s
     0     0 2965.48994    0  870 -3668.4313 2965.48994   181%     -   29s
     0     0 2960.72076    0 1091 -3668.4313 2960.72076   181%     -   34s
H    0     0                    -3484.933279 2960.72076   185%     -   43s
     0     0 2952.96827    0 1838 -3484.9333 2952.96827   185%     -   43s
H    0     0                    -3439.603237 2952.96827   186%     -   46s
     0     0 2949.24320    0 2171 -3439.6032 2949.24320   186%     -   47s
     0     0 2948.89006    0 2171 -3439.6032 2948.89006   186%     -   47s
     0     0 2948.83220    0 2171 -3439.6032 2948.83220   186%     -   47s
H    0     0                    -3278.863635 2948.83220   190%     -   49s
     0     0 2947.19406    0 2167 -3278.8636 2947.19406   190%     -   52s
     0     0 2947.19406    0 2165 -3278.8636 2947.19406   190%     -   53s
     0     2 2947.19406    0 2165 -3278.8636 2947.19406   190%     -   75s
     3     8 2947.19406    2 2165 -3278.8636 2947.19406   190%  2486   90s
     7    14 2947.19406    3 2142 -3278.8636 2947.19406   190%  4476  107s
    13    20 2947.19406    4 2156 -3278.8636 2947.19406   190%  4646  113s
    19    26 2947.19406    5 2121 -3278.8636 2947.19406   190%  3882  115s
H   31    38                    -3238.757055 2947.19406   191%  2874  121s
H   33    38                    -3172.956773 2947.19406   193%  2744  121s
    47    57 2947.19406   10 2089 -3172.9568 2947.19406   193%  2102  125s
    56    63 2947.19406   11 2062 -3172.9568 2947.19406   193%  1870  130s
H   62    70                    -3166.747310 2947.19406   193%  1865  132s
H   63    70                    -3130.047019 2947.19406   194%  1844  132s
H   64    70                    -3128.067379 2947.19406   194%  1819  132s
    84   100 2947.19406   15 2056 -3128.0674 2947.19406   194%  1489  136s
    99   107 2947.19406   17 2052 -3128.0674 2947.19406   194%  1325  146s
   122   139 2947.19406   19 2045 -3128.0674 2947.19406   194%  1168  150s
H  138   145                    -3086.191719 2947.19406   195%  1093  157s
H  139   145                    -3020.996983 2947.19406   198%  1092  157s
H  141   145                    -2895.009537 2947.19406   202%  1085  157s
H  143   145                    -2610.523844 2947.19406   213%  1077  157s
   144   156 2891.54570   22 2025 -2610.5238 2947.19406   213%  1085  160s
   174   190 2796.59276   25 1929 -2610.5238 2947.19406   213%   995  165s
   189   211 2802.01481   25 1956 -2610.5238 2947.19406   213%   948  170s
   225   242 2795.34916   34 1904 -2610.5238 2947.19406   213%   862  175s
   268   307 2762.00033   40 1866 -2610.5238 2947.19406   213%   790  180s
   337   360 2718.42786   45 1848 -2610.5238 2947.19406   213%   686  212s
   384   410 2675.16231   52 1830 -2610.5238 2947.19406   213%   647  217s
   409   441 2643.46378   55 1824 -2610.5238 2947.19406   213%   638  221s
   469   498 2585.81233   62 1803 -2610.5238 2947.19406   213%   625  228s
   497   529 2547.95290   65 1804 -2610.5238 2947.19406   213%   613  232s
   528   556 2498.52883   69 1776 -2610.5238 2947.19406   213%   604  236s
   585   618 2460.73940   75 1743 -2610.5238 2947.19406   213%   592  243s
   617   660 2416.01239   79 1726 -2610.5238 2947.19406   213%   587  247s
   659   712 2333.53871   81 1686 -2610.5238 2947.19406   213%   571  251s
   711   755 2169.99713   90 1569 -2610.5238 2947.19406   213%   561  256s
   754   809 2161.30309   95 1490 -2610.5238 2947.19406   213%   553  260s
   808   878 2130.61420  101 1458 -2610.5238 2947.19406   213%   546  265s
   877   926 2075.07451  111 1441 -2610.5238 2947.19406   213%   533  274s
   925   962 2028.10762  118 1418 -2610.5238 2947.19406   213%   541  279s
   961  1008 1982.22412  124 1398 -2610.5238 2947.19406   213%   549  285s
  1007  1069 1917.64681  131 1374 -2610.5238 2947.19406   213%   564  291s
  1068  1121 1822.47031  137 1319 -2610.5238 2947.19406   213%   575  296s
  1120  1176 1413.67212  152 1033 -2610.5238 2947.19406   213%   590  302s
  1175  1239 1700.50969  156 1248 -2610.5238 2947.19406   213%   603  308s
  1238  1316 1518.94490  167 1117 -2610.5238 2947.19406   213%   607  317s
  1315  1366 1448.45087  170 1063 -2610.5238 2947.19406   213%   609  326s
  1365  1405 1307.39200  176 1040 -2610.5238 2947.19406   213%   631  335s
  1404  1437 1299.40290  177 1060 -2610.5238 2947.19406   213%   656  346s
  1436  1498 1288.85824  178 1060 -2610.5238 2947.19406   213%   687  355s
  1497  1548 1090.93974  179 1116 -2610.5238 2947.19406   213%   703  364s
  1547  1635 1277.69864  179 1071 -2610.5238 2947.19406   213%   702  375s
  1634  1746 1219.41892  185 1088 -2610.5238 2947.19406   213%   698  385s
  1745  1955 1034.03445  191 1087 -2610.5238 2947.19406   213%   681  393s
  1954  2190 1175.62505  192 1058 -2610.5238 2947.19406   213%   625  443s
  2189  2452 1164.86181  243 1061 -2610.5238 2947.19406   213%   572  451s
  2451  2772 1141.42132  260 1227 -2610.5238 2947.19406   213%   530  460s
  2775  3091 1116.38830  268 1310 -2610.5238 2947.19406   213%   486  469s
  3096  3428 1100.16740  282 1291 -2610.5238 2947.19406   213%   450  477s
  3433  3666 1092.34718  317 1268 -2610.5238 2947.19406   213%   419  486s
  3671  3963 1089.51772  326 1262 -2610.5238 2947.19406   213%   410  496s
  3968  4325 1088.91836  332 1257 -2610.5238 2947.19406   213%   394  505s
  4330  4783 1088.13025  346 1243 -2610.5238 2947.19406   213%   373  516s
  4794  5230 1087.84067  349 1240 -2610.5238 2947.19406   213%   349  528s
  5243  5649 1086.50740  364 1224 -2610.5238 2947.19406   213%   333  538s
  5662  6086 1085.49821  374 1212 -2610.5238 2947.19406   213%   321  549s
  6101  6439 1074.51521  390 1111 -2610.5238 2947.19406   213%   309  562s
  6455  6440 1263.15442  674 2165 -2610.5238 2947.19406   213%   305  643s
  6457  6441 1240.56302  397  796 -2610.5238 2947.19406   213%   305  647s
  6458  6442 1038.81657  331  895 -2610.5238 2947.19406   213%   305  662s
  6460  6443 1288.31717  879  895 -2610.5238 2947.19406   213%   305  675s
  6461  6447 2947.19406   10  893 -2610.5238 2947.19406   213%   309  718s
  6463  6450 2947.19406   11  890 -2610.5238 2947.19406   213%   309  760s
  6479  6463 2947.19406   13  882 -2610.5238 2947.19406   213%   309  765s
  6491  6472 2947.19406   14  882 -2610.5238 2947.19406   213%   309  777s
  6507  6486 2947.19406   15  880 -2610.5238 2947.19406   213%   308  780s
  6526  6495 2947.19406   17  881 -2610.5238 2947.19406   213%   308  790s
  6568  6525 2947.19406   21  907 -2610.5238 2947.19406   213%   307  795s
  6603  6550 2947.19406   25  956 -2610.5238 2947.19406   213%   307  800s
  6646  6588 2859.74364   31 1021 -2610.5238 2947.19406   213%   308  805s
  6691  6627 2826.38518   36 1002 -2610.5238 2947.19406   213%   307  811s
  6786  6681 2832.89993   44 1010 -2610.5238 2947.19406   213%   306  819s
  6805  6698 2802.14284   47 1008 -2610.5238 2947.19406   213%   305  822s
  6829  6708 2775.63798   50 1038 -2610.5238 2947.19406   213%   305  825s
  6847  6712 2721.34795   52 1045 -2610.5238 2947.19406   213%   305  831s
  6879  6740 2722.50116   56 1027 -2610.5238 2947.19406   213%   305  841s
  6895  6747 2690.63726   58 1033 -2610.5238 2947.19406   213%   305  851s
  6908  6749 2743.44463   59 1038 -2610.5238 2947.19406   213%   304  876s
  6914  6756 2689.85139   59 1031 -2610.5238 2947.19406   213%   304  880s
  6923  6761 2689.01795   60 1028 -2610.5238 2947.19406   213%   304  888s
  6931  6828 2687.85427   61 1032 -2610.5238 2947.19406   213%   304  892s
  7001  6811 2658.62568   69 1068 -2610.5238 2947.19406   213%   304  896s
  7007  6857 2689.74427   70 1110 -2610.5238 2947.19406   213%   304  958s
  7055  6847 2632.58665   74 1152 -2610.5238 2947.19406   213%   303  975s
  7061  6851 2612.36910   74 1121 -2610.5238 2947.19406   213%   303 1015s
  7067  6879 2607.06176   75 1160 -2610.5238 2947.19406   213%   303 1032s
  7097  6972 2589.62798   75 1148 -2610.5238 2947.19406   213%   302 1036s
  7200  7028 2513.16221   86 1139 -2610.5238 2947.19406   213%   302 1041s
  7290  7145 2458.88969   95 1168 -2610.5238 2947.19406   213%   301 1045s
  7437  7220 2393.74967  107 1212 -2610.5238 2947.19406   213%   299 1050s
  7561  7184 2306.95585  116 1251 -2610.5238 2947.19406   213%   297 1059s
  7567  7346 2336.75979  117 1294 -2610.5238 2947.19406   213%   297 1063s
  7731  7484 2218.98973  124 1299 -2610.5238 2947.19406   213%   294 1068s
  7923  7610 2154.14014  137 1318 -2610.5238 2947.19406   213%   292 1071s
  8113  7706 2096.50518  143 1376 -2610.5238 2947.19406   213%   289 1075s
  8275  7658 2064.56186  154 1412 -2610.5238 2947.19406   213%   287 1086s
  8492  7991 1974.16308  165 1512 -2610.5238 2947.19406   213%   283 1095s
  8867  8285 1629.31776  178 1207 -2610.5238 2947.19406   213%   279 1103s
  9105  8212 1610.37987  188 1294 -2610.5238 2947.19406   213%   276 1109s
  9111  8422 1590.10644  188 1273 -2610.5238 2947.19406   213%   277 1115s
  9480  8462 1451.04533  209 1182 -2610.5238 2947.19406   213%   274 1129s
  9486  8642 1444.84644  209 1172 -2610.5238 2947.19406   213%   275 1135s
  9668  8633 1408.18129  224 1224 -2610.5238 2947.19406   213%   274 1140s
  9720  8697 1318.37666  226 1345 -2610.5238 2947.19406   213%   277 1145s
  9801  8676 1317.20531  227 1346 -2610.5238 2947.19406   213%   279 1182s
  9807  8680 1284.33273  227 1328 -2610.5238 2947.19406   213%   280 1216s
  9813  8794 1292.99382  228 1392 -2610.5238 2947.19406   213%   281 1221s
  9929  8865 1287.21886  244 1379 -2610.5238 2947.19406   213%   282 1226s
 10039  8951 1280.18633  258 1352 -2610.5238 2947.19406   213%   284 1232s
 10162  9129 1277.11646  275 1401 -2610.5238 2947.19406   213%   285 1238s
 10381  9236 1249.65438  292 1555 -2610.5238 2947.19406   213%   284 1244s
 10561  9235 1216.58815  302 1515 -2610.5238 2947.19406   213%   283 1250s
 10620  9263 1117.72537  304 1525 -2610.5238 2947.19406   213%   287 1257s
 10667  9284  976.80580  306 1447 -2610.5238 2947.19406   213%   291 1263s
 10704  9278  944.62470  308 1401 -2610.5238 2947.19406   213%   295 1285s
 10710  9306  861.77102  309 1388 -2610.5238 2947.19406   213%   297 1291s
 10740  9327  833.68279  311 1399 -2610.5238 2947.19406   213%   302 1298s
 10771  9356  759.41954  314 1354 -2610.5238 2947.19406   213%   306 1305s
 10811  9353  515.91871  317 1367 -2610.5238 2947.19406   213%   311 1313s
 10821  9378  315.85314  318 1349 -2610.5238 2947.19406   213%   313 1319s
 10849  9374  407.77888  320 1309 -2610.5238 2947.19406   213%   317 1339s
 10855  9422  409.68905  320 1340 -2610.5238 2947.19406   213%   318 1346s
 10905  9451  375.90037  325 1333 -2610.5238 2947.19406   213%   323 1353s
 10950  9486  375.06186  329 1329 -2610.5238 2947.19406   213%   327 1363s
 11000  9475  224.55543  333 1307 -2610.5238 2947.19406   213%   330 1377s
 11006  9569  225.21464  334 1323 -2610.5238 2947.19406   213%   330 1385s
 11102  9605  221.32276  348 1309 -2610.5238 2947.19406   213%   333 1393s
 11170  9588  220.65746  359 1298 -2610.5238 2947.19406   213%   337 1422s
H11172  9265                      80.8089497 2947.19406  3547%   337 1422s
 11176  9321  219.60656  359 1298   80.80895 2947.19406  3547%   338 1430s
 11240  9305  220.43155  367 1290   80.80895 2947.19406  3547%   343 1486s
H11242  8998                      80.8089506 2947.19406  3547%   344 1486s
H11243  8707                      80.8565817 2947.19406  3545%   344 1486s
H11244  8431                      92.8410746 2947.19406  3074%   344 1486s
 11247  8439  212.96534  367 1269   92.84107 2947.19406  3074%   344 1523s
 11256  8445  214.73559  368 1288   92.84107 2947.19406  3074%   345 1558s
 11265  8519  215.12433  369 1287   92.84107 2947.19406  3074%   346 1567s
 11344  8564  220.07865  376 1281   92.84107 2947.19406  3074%   350 1577s
 11418  8550  219.79383  383 1274   92.84107 2947.19406  3074%   354 1593s
 11428  8555  219.22380  383 1274   92.84107 2947.19406  3074%   355 1623s
 11437  8630  214.33370  384 1273   92.84107 2947.19406  3074%   356 1633s
 11515  8695  219.50499  394 1263   92.84107 2947.19406  3074%   360 1642s
 11606  8676  218.69554  403 1254   92.84107 2947.19406  3074%   364 1673s
 11617  8795  218.55878  404 1253   92.84107 2947.19406  3074%   365 1682s
 11740  8920  218.34203  414 1243   92.84107 2947.19406  3074%   367 1693s
 11908  8880  216.79534  446 1211   92.84107 2947.19406  3074%   370 1706s
 11924  8979  212.99779  447 1210   92.84107 2947.19406  3074%   370 1717s
H11931  8715                     108.3157135 2947.19406  2621%   370 1717s
 12028  8722  212.43200  451 1206  108.31571 2947.19406  2621%   372 1727s
 12068  8916  216.56163  458 1199  108.31571 2947.19406  2621%   373 1738s
 12279  8868  216.41738  466 1191  108.31571 2947.19406  2621%   374 1763s
 12301  9063  216.28694  468 1189  108.31571 2947.19406  2621%   375 1775s
H12324  8804                     126.5305766 2947.19406  2229%   375 1775s
 12508  8949  216.16557  480 1177  126.53058 2947.19406  2229%   378 1786s
 12759  8943  216.06544  504 1153  126.53058 2947.19406  2229%   378 1830s
 12848 10079  212.07201  509 1148  126.53058 2947.19406  2229%   379 1923s
H12901  9465                     167.0695194 2947.19406  1664%   378 1923s
 14126  8954  214.45731  616 1042  167.06952 2947.19406  1664%   412 1955s
 14347  9055  214.15122  620 1038  167.06952 2947.19406  1664%   410 1986s
 14657  9406  213.81148  626 1032  167.06952 2947.19406  1664%   406 2229s
H15080  8425                     176.4642765 2947.19406  1570%   404 2229s
H15319  8245                     176.4642769 2947.19406  1570%   407 2289s
H15326  8040                     176.4865632 2947.19406  1570%   406 2289s
H15363  7823                     176.6474541 2947.19406  1568%   406 2289s
 15443  8220  190.52205  662  845  176.64745 2947.19406  1568%   406 2330s
 15895  8443  209.36111  680  962  176.64745 2947.19406  1568%   404 2380s
 16300  8763  211.90164  691  967  176.64745 2947.19406  1568%   407 2427s
 16795  8967  210.71436  703  955  176.64745 2947.19406  1568%   404 2466s
 17180 10394  210.36053  716  942  176.64745 2947.19406  1568%   405 2515s
 18824 10975  206.53004  792  866  176.64745 2947.19406  1568%   403 2551s
 19552 11509  202.86683  855  803  176.64745 2947.19406  1568%   402 2590s
 20150 11775  201.81512  902  756  176.64745 2947.19406  1568%   408 2627s
 20420 12768  200.92273  917  741  176.64745 2947.19406  1568%   409 2671s
 21540 12879  199.39916  967  691  176.64745 2947.19406  1568%   422 2727s
 21666 14288  194.73779  983  675  176.64745 2947.19406  1568%   425 2782s
 23262 14465  188.99041 1137  521  176.64745 2947.19406  1568%   429 2814s
 23476 15886  183.05312 1177  481  176.64745 2947.19406  1568%   430 2862s
 25053 16115     cutoff 1331       176.64745 2947.19406  1568%   423 2892s
 25403 16116  376.76153  479 2165  176.64745 2947.19406  1568%   420 4041s
 25405 16117 1324.34615  331  796  176.64745 2947.19406  1568%   420 4046s
 25406 16118  371.78731  329  790  176.64745 2947.19406  1568%   420 4055s
 25407 16119  487.10712  355  690  176.64745 2947.19406  1568%   420 4061s
 25408 16119 1694.75594  321  634  176.64745 2947.19406  1568%   420 4070s
 25409 16120  192.91211  286  627  176.64745 2947.19406  1568%   420 4079s
 25410 16121  726.74815  182  628  176.64745 2947.19406  1568%   420 4093s
 25411 16121  547.04527  190  639  176.64745 2947.19406  1568%   420 4108s
 25412 16122 1945.35707   52  588  176.64745 2947.19406  1568%   420 4122s
 25413 16123  379.09643  336  592  176.64745 2947.19406  1568%   420 4138s
 25414 16123  192.88242  414  592  176.64745 2947.19406  1568%   420 4154s
 25415 16124 1490.61546  327  698  176.64745 2947.19406  1568%   420 4165s
 25416 16125 2770.36832   37 1177  176.64745 2947.19406  1568%   420 4177s
 25417 16125 2021.58619   59 1817  176.64745 2947.19406  1568%   420 4192s
 25418 16126  736.66170  183 2035  176.64745 2947.19406  1568%   420 4198s
 25419 16127  200.55035  412 2054  176.64745 2947.19406  1568%   420 4204s
 25420 16127 1344.85582  236 2053  176.64745 2947.19406  1568%   420 4225s
 25421 16128  312.27076  480 2053  176.64745 2947.19406  1568%   420 4231s
 25422 16129  211.14708  517 2052  176.64745 2947.19406  1568%   420 4252s
 25423 16129  179.71666 1294 2052  176.64745 2947.19406  1568%   420 4256s
 25424 16130 2484.61280   79 2050  176.64745 2947.19406  1568%   420 4276s
 25425 16131 1308.03818  186 2034  176.64745 2947.19406  1568%   420 4280s
 25426 16131 2466.70057   90 2050  176.64745 2947.19406  1568%   420 4300s
 25428 16133  269.08445  155 2049  176.64745 2947.19406  1568%   420 4323s
 25429 16133  690.92276  345 2046  176.64745 2947.19406  1568%   420 4327s
 25430 16134 1635.30228  185 2047  176.64745 2947.19406  1568%   420 4345s
 25432 16135 2320.12731  105 2046  176.64745 2947.19406  1568%   420 4366s
 25433 16136 1959.81643   61 2046  176.64745 2947.19406  1568%   420 4370s
 25434 16137 2572.12837   49 2046  176.64745 2947.19406  1568%   420 4387s
 25435 16137  214.65752  498 2043  176.64745 2947.19406  1568%   420 4390s
 25436 16138 1962.27141  106 2042  176.64745 2947.19406  1568%   420 4408s
 25437 16139 2676.37801   71 2045  176.64745 2947.19406  1568%   420 4410s
 25438 16139  820.47992  346 2046  176.64745 2947.19406  1568%   420 4428s
 25439 16140 1026.37191  246 2044  176.64745 2947.19406  1568%   420 4431s
 25440 16141  401.91712  479 2045  176.64745 2947.19406  1568%   420 4449s
 25441 16141  726.29561  173 2043  176.64745 2947.19406  1568%   420 4453s
 25442 16142 1084.18370  206 2043  176.64745 2947.19406  1568%   420 4470s
 25443 16143  690.42980  213 2044  176.64745 2947.19406  1568%   420 4504s
 25444 16143  215.54299  428 2043  176.64745 2944.15827  1567%   420 4521s
 25446 16145  501.90189  479 2043  176.64745 2943.34952  1566%   420 4541s
 25448 16146  292.54940  364 2044  176.64745 2941.93268  1565%   420 4560s
 25450 16147 2908.74689   33 2047  176.64745 2940.19606  1564%   420 4579s
 25451 16148  297.73227  107 2043  176.64745 2939.79987  1564%   420 4582s
 25452 16149 1756.97698  386 2044  176.64745 2938.40544  1563%   419 4599s
 25453 16149  199.84186  944 2034  176.64745 2938.40544  1563%   419 4601s
 25454 16150 1382.67069   68 2045  176.64745 2937.92143  1563%   419 4617s
 25455 16151  466.71319  223 2051  176.64745 2937.92143  1563%   419 4620s
 25456 16151 2622.68865   61 2033  176.64745 2937.08756  1563%   419 4636s
 25458 16153 2378.48307  101 2051  176.64745 2936.74250  1562%   419 4655s
 25460 16154  210.03910  582 2050  176.64745 2936.11177  1562%   419 4673s
 25461 16155 2574.10873   85 2051  176.64745 2936.05345  1562%   419 4675s
 25462 16155 1605.29921  322 2052  176.64745 2935.71930  1562%   419 4690s
 25464 16157 2696.63946   49 2052  176.64745 2934.85548  1561%   419 4710s
 25466 16158 1254.24849  205 2051  176.64745 2933.97496  1561%   419 4730s
 25468 16159 2493.92645   50 2051  176.64745 2933.38166  1561%   419 4749s
 25469 16160 2391.10850  126 2051  176.64745 2933.32000  1561%   419 4751s
 25470 16161 1279.79859  259 2051  176.64745 2932.93291  1560%   419 4767s
 25471 16161 1018.01859   82 2050  176.64745 2932.93291  1560%   419 4770s
 25472 16162  213.42253  374 2050  176.64745 2932.58239  1560%   419 4785s
 25474 16163 1283.02725  182 2059  176.64745 2931.95660  1560%   419 4804s
 25475 16164  568.02447  168 2060  176.64745 2931.91651  1560%   419 4839s
 25476 16165  195.70412  975 2060  176.64745 2930.47225  1559%   419 4855s
 25478 16166 1893.20776  254 2059  176.64745 2930.10847  1559%   419 4874s
 25479 16167 1856.41170  303 2059  176.64745 2930.08783  1559%   419 4876s
 25480 16167  217.75713  346 2060  176.64745 2929.63412  1558%   419 4891s
 25482 16169 2882.02082   23 2061  176.64745 2929.32999  1558%   419 4910s
 25484 16170 1564.79405  327 2046  176.64745 2928.86664  1558%   419 4927s
 25485 16171  283.13099  153 2062  176.64745 2928.84603  1558%   419 4930s
 25486 16171  204.76644  750 2063  176.64745 2928.28318  1558%   419 4946s
 25488 16173 2409.87215   68 2063  176.64745 2928.02827  1558%   419 4963s
 25489 16173  640.37114  214 2063  176.64745 2928.01880  1558%   419 4965s
 25490 16174  288.81251  270 2063  176.64745 2927.53563  1557%   419 4981s
 25492 16175 1915.11210  247 2062  176.64745 2927.02612  1557%   419 5001s
 25494 16177 2900.18189   38 2062  176.64745 2926.55481  1557%   419 5019s
 25495 16177 1757.11995  385 2062  176.64745 2926.54825  1557%   419 5024s
 25496 16178 1687.33201  147 2062  176.64745 2926.19392  1557%   419 5039s
 25497 16179  203.51184  829 2062  176.64745 2926.09485  1556%   419 5043s
 25498 16179  190.34438 1027 2062  176.64745 2925.94094  1556%   419 5058s
 25499 16180  203.34626  292 2044  176.64745 2925.89654  1556%   419 5064s
 25500 16181 1541.09520   72 2061  176.64745 2925.46010  1556%   419 5080s
 25501 16181  213.67311  157 2061  176.64745 2925.45967  1556%   419 5088s
 25502 16182  193.38118  769 2077  176.64745 2925.14660  1556%   419 5105s
 25504 16183 2384.45158   53 2077  176.64745 2924.82920  1556%   419 5124s
 25505 16184 1324.34615  331 2077  176.64745 2924.81547  1556%   419 5127s
 25506 16185  371.78731  329 2077  176.64745 2924.81547  1556%   419 5142s
 25507 16185  487.10712  355 2043  176.64745 2924.81547  1556%   419 5145s
 25508 16186 1694.75594  321 2061  176.64745 2924.71544  1556%   419 5161s
 25510 16187  726.74815  182 2044  176.64745 2924.42154  1556%   419 5179s
 25511 16188  547.04527  190 2061  176.64745 2924.41878  1556%   419 5180s
 25512 16189 1945.35707   52 2061  176.64745 2924.22934  1555%   419 5195s
 25513 16189  379.09643  336 2060  176.64745 2924.21371  1555%   418 5200s
 25514 16190  192.88242  414 2060  176.64745 2924.03803  1555%   418 5215s
 25515 16191 1490.61546  327 2045  176.64745 2924.03335  1555%   418 5223s
 25516 16191 2770.36832   37 2061  176.64745 2923.72904  1555%   418 5239s
 25517 16192 2021.58619   59 2061  176.64745 2923.68691  1555%   418 5247s
 25518 16193  736.66170  183 2061  176.64745 2923.46602  1555%   418 5262s
 25519 16193  200.55035  412 2061  176.64745 2923.39904  1555%   418 5265s
 25520 16194 1344.85582  236 2076  176.64745 2923.20323  1555%   418 5279s
 25521 16195  312.27076  480 2075  176.64745 2923.20049  1555%   418 5288s
 25522 16195  211.14708  517 2076  176.64745 2922.90093  1555%   418 5304s
 25523 16196  179.71666 1294 2059  176.64745 2922.88328  1555%   418 5306s
 25524 16197 2484.61280   79 2060  176.64745 2922.68592  1555%   418 5320s
 25526 16198 2466.70057   90 2070  176.64745 2922.36995  1554%   418 5340s
 25528 16199  269.08445  155 2053  176.64745 2922.10685  1554%   418 5361s
 25529 16200  690.92276  345 2070  176.64745 2922.10685  1554%   418 5365s
 25530 16201 1635.30228  185 2070  176.64745 2921.82617  1554%   418 5379s
 25531 16201  811.46345  468 2070  176.64745 2921.81015  1554%   418 5383s
H25531 15388                     176.6474541 2921.59110  1554%   418 5398s
 25533 15390 1959.81643   61 2068  176.64745 2921.56819  1554%   418 5400s
 25534 15390 2572.12837   49 2069  176.64745 2921.38273  1554%   418 5414s
 25535 15391  214.65752  498 2052  176.64745 2921.36117  1554%   418 5418s
 25536 15392 1962.27141  106 2068  176.64745 2921.17920  1554%   418 5433s
 25537 15392 2676.37801   71 2068  176.64745 2921.17847  1554%   418 5437s
 25538 15393  820.47992  346 2068  176.64745 2920.93431  1554%   418 5454s
 25539 15394 1026.37191  246 2068  176.64745 2920.93431  1554%   418 5457s
 25540 15394  401.91712  479 2052  176.64745 2920.77958  1553%   418 5475s
 25542 15396 1084.18370  206 2051  176.64745 2920.51928  1553%   418 5493s
 25543 15396  690.42980  213 2070  176.64745 2920.50366  1553%   418 5496s
 25544 15397  215.54299  428 2070  176.64745 2920.29166  1553%   418 5510s
 25546 15398  501.90189  479 2070  176.64745 2919.98119  1553%   418 5527s
 25548 15400  292.54940  364 2070  176.64745 2919.88444  1553%   418 5543s
 25549 15400  182.51461  479 2069  176.64745 2919.88304  1553%   418 5548s
 25550 15401 2908.74689   33 2070  176.64745 2919.65507  1553%   418 5562s
 25552 15402 1756.97698  386 2071  176.64745 2919.36515  1553%   418 5581s
 25554 15404 1382.67069   68 2070  176.64745 2919.02595  1552%   418 5599s
 25555 15404  466.71319  223 2072  176.64745 2919.02410  1552%   418 5601s
 25556 15405 2622.68865   61 2072  176.64745 2918.91937  1552%   418 5616s
 25558 15406 2378.48307  101 2071  176.64745 2918.71744  1552%   418 5632s
 25560 15408  210.03910  582 2085  176.64745 2918.48271  1552%   418 5649s
 25561 15408 2574.10873   85 2070  176.64745 2918.40328  1552%   418 5651s
 25562 15409 1605.29921  322 2097  176.64745 2918.27849  1552%   418 5666s
 25564 15410 2696.63946   49 2097  176.64745 2918.14331  1552%   418 5683s
 25565 15411 2496.13814  116 2097  176.64745 2918.14301  1552%   418 5686s
 25566 15412 1254.24849  205 2097  176.64745 2917.84767  1552%   418 5702s
 25568 15413 2493.92645   50 2097  176.64745 2917.70765  1552%   418 5719s
 25569 15414 2391.10850  126 2097  176.64745 2917.70019  1552%   418 5722s
 25570 15414 1279.79859  259 2096  176.64745 2917.45183  1552%   418 5740s
 25572 15416  213.42253  374 2096  176.64745 2917.18363  1551%   418 5757s
 25573 15416 1425.10288  326 2096  176.64745 2917.15020  1551%   418 5761s
 25574 15417 1283.02725  182 2097  176.64745 2916.83491  1551%   417 5780s
 25576 15418  195.70412  975 2097  176.64745 2916.46673  1551%   417 5799s
 25577 15419  652.34100  346 2097  176.64745 2916.45501  1551%   417 5801s
 25578 15420 1893.20776  254 2097  176.64745 2916.26727  1551%   417 5816s
 25580 15421  217.75713  346 2096  176.64745 2916.05691  1551%   417 5835s
 25581 15422 1959.67306  220 2099  176.64745 2916.03997  1551%   417 5840s
 25582 15422 2882.02082   23 2099  176.64745 2915.88847  1551%   417 5855s
 25584 15424 1564.79405  327 2100  176.64745 2915.65407  1551%   417 5875s
 25585 15424  283.13099  153 2102  176.64745 2915.62994  1551%   417 5881s
 25586 15425  204.76644  750 2102  176.64745 2915.41124  1550%   417 5900s
 25587 15426  202.57838  805 2065  176.64745 2915.38865  1550%   417 5906s
 25588 15426 2409.87215   68 2084  176.64745 2915.17655  1550%   417 5921s
 25589 15427  640.37114  214 2083  176.64745 2915.14073  1550%   417 5928s
 25590 15428  288.81251  270 2082  176.64745 2915.04857  1550%   417 5944s
 25591 15428  202.00973  811 2080  176.64745 2915.04857  1550%   417 5951s
 25592 15429 1915.11210  247 2080  176.64745 2915.04857  1550%   417 5965s
 25593 15430  344.17216  245 2080  176.64745 2915.04857  1550%   417 5971s
 25594 15430 2900.18189   38 2080  176.64745 2914.76837  1550%   417 5986s
 25595 15431 1757.11995  385 2080  176.64745 2914.76837  1550%   417 5993s
 25596 15432 1687.33201  147 2081  176.64745 2914.55721  1550%   417 6010s
 25598 15433  190.34438 1027 2080  176.64745 2914.37649  1550%   417 6033s
 25599 15434  203.34626  292 2096  176.64745 2914.36462  1550%   417 6036s
 25600 15434 1541.09520   72 2097  176.64745 2914.16924  1550%   417 6054s
 25601 15435  213.67311  157 2102  176.64745 2914.16417  1550%   417 6057s
 25602 15436  193.38118  769 2102  176.64745 2914.04618  1550%   417 6075s
 25604 15437 2384.45158   53 2103  176.64745 2913.75875  1549%   417 6094s
 25605 15438 1324.34615  331 2086  176.64745 2913.71947  1549%   417 6096s
 25606 15438  371.78731  329 2086  176.64745 2913.50512  1549%   417 6110s
 25608 15440 1694.75594  321 2086  176.64745 2913.31952  1549%   417 6130s
 25610 15441  726.74815  182 2085  176.64745 2913.19438  1549%   417 6151s
 25612 15442 1945.35707   52 2102  176.64745 2913.08794  1549%   417 6169s
 25613 15443  379.09643  336 2101  176.64745 2913.08794  1549%   417 6170s
 25614 15444  192.88242  414 2101  176.64745 2912.93062  1549%   417 6185s
 25615 15444 1490.61546  327 2103  176.64745 2912.93062  1549%   417 6292s
 25616 15445 2770.36832   37 2103  176.64745 2912.93062  1549%   417 6400s
 25617 15449 2912.93062   19 2100  176.64745 2912.93062  1549%   427 6746s
 25619 15452 2912.93062   20 2064  176.64745 2912.93062  1549%   427 7170s
 25623 15457 2912.93062   21 2047  176.64745 2912.93062  1549%   427 7653s
 25629 15461 2912.93062   22 2015  176.64745 2912.93062  1549%   427 7659s
 25635 15465 2912.93062   22 2049  176.64745 2912.93062  1549%   427 7663s
 25641 15469 2912.93062   23 2013  176.64745 2912.93062  1549%   428 7669s
 25647 15477 2912.93062   23 2032  176.64745 2912.93062  1549%   428 7677s
 25657 15485 2912.93062   24 2047  176.64745 2912.93062  1549%   428 7686s
 25669 15489 2912.93062   25 2046  176.64745 2912.93062  1549%   429 7691s
 25677 15496 2912.93062   26 2018  176.64745 2912.93062  1549%   429 7698s
 25686 15506 2912.93062   27 2041  176.64745 2912.93062  1549%   429 7705s
 25699 15514 2912.93062   28 2040  176.64745 2912.93062  1549%   429 7712s
 25712 15524 2912.93062   29 2027  176.64745 2912.93062  1549%   430 7720s
 25726 15533 2912.93062   30 2024  176.64745 2912.93062  1549%   430 7729s
 25740 15541 2912.93062   31 2004  176.64745 2912.93062  1549%   431 7735s
 25752 15556 2907.38294   33 2002  176.64745 2912.93062  1549%   431 7741s
 25771 15572 2898.48984   34 2000  176.64745 2912.93062  1549%   431 7748s
 25794 15585 2895.28485   35 1978  176.64745 2912.93062  1549%   431 7754s
 25814 15595 2843.67515   36 1960  176.64745 2912.93062  1549%   432 7762s
 25831 15610 2840.66891   38 1936  176.64745 2912.93062  1549%   432 7768s
 25852 15625 2838.26043   39 1915  176.64745 2912.93062  1549%   432 7775s
 25874 15641 2829.49385   40 1929  176.64745 2912.93062  1549%   433 7782s
 25897 15647 2828.91714   41 1945  176.64745 2912.93062  1549%   433 7789s
 25911 15665 2774.53010   42 1906  176.64745 2912.93062  1549%   433 7797s
 25933 15676 2584.72417   43 1867  176.64745 2912.93062  1549%   434 7805s
 25952 15694 2726.54406   45 1849  176.64745 2912.93062  1549%   434 7813s
 25976 15699 2717.77530   48 1862  176.64745 2912.93062  1549%   435 7855s
H25980 14922                     176.6474545 2912.93062  1549%   435 7855s
H25988 14182                     176.7609641 2912.93062  1548%   435 7855s
 25989 14206 2715.46941   50 1858  176.76096 2912.93062  1548%   435 7863s
 26013 14210 2712.15582   51 1845  176.76096 2912.93062  1548%   435 7883s
H26014 13509                     176.7609642 2912.93062  1548%   435 7883s
H26020 12842                     176.7609644 2912.93062  1548%   435 7883s
 26025 12869 2660.47299   52 1811  176.76096 2912.93062  1548%   435 7892s
 26053 12898 2604.96172   54 1759  176.76096 2912.93062  1548%   436 7901s
 26092 12923 2467.18344   57 1767  176.76096 2912.93062  1548%   437 7914s
 26130 12958 2559.28449   60 1767  176.76096 2912.93062  1548%   437 7933s
H26135 12324                     176.7609691 2912.93062  1548%   437 7933s
 26177 12348 2504.48184   62 1741  176.76097 2912.93062  1548%   437 7943s
 26215 12378 2492.34222   66 1721  176.76097 2912.93062  1548%   438 7953s
 26258 12411 2257.74073   70 1697  176.76097 2912.93062  1548%   438 7964s
 26305 12435 2388.17563   74 1723  176.76097 2912.93062  1548%   439 7975s
 26345 12459 2316.79427   77 1679  176.76097 2912.93062  1548%   440 7986s
 26382 12481 2315.34377   81 1682  176.76097 2912.93062  1548%   440 7999s
 26416 12503 2308.73172   84 1673  176.76097 2912.93062  1548%   441 8010s
 26450 12531 2237.43269   86 1635  176.76097 2912.93062  1548%   442 8023s
 26489 12563 2102.64380   91 1717  176.76097 2912.93062  1548%   443 8039s
 26534 12589 2237.93491   96 1719  176.76097 2912.93062  1548%   444 8053s
 26575 12620 2158.77654   99 1665  176.76097 2912.93062  1548%   445 8072s
 26620 12651 2157.27119  102 1636  176.76097 2912.93062  1548%   446 8087s
 26666 12690 2099.04454  107 1548  176.76097 2912.93062  1548%   447 8107s
 26720 12702 2060.89206  111 1541  176.76097 2912.93062  1548%   448 8125s
 26750 12729 2110.21475  113 1549  176.76097 2912.93062  1548%   449 8144s
 26787 12749 2026.91593  117 1509  176.76097 2912.93062  1548%   450 8163s
 26819 12785 1897.47736  119 1503  176.76097 2912.93062  1548%   451 8181s
 26866 12830 2065.59503  125 1515  176.76097 2912.93062  1548%   453 8198s
 26927 12865 1878.55770  137 1502  176.76097 2912.93062  1548%   454 8221s
H26982 12271                     176.7609697 2912.93062  1548%   456 8255s
 27006 12346 1728.96470  151 1519  176.76097 2912.93062  1548%   457 8276s
 27089 12404 1522.50331  162 1531  176.76097 2912.93062  1548%   459 8298s
 27175 12468 1421.22268  172 1523  176.76097 2912.93062  1548%   461 8319s
 27268 12570 1058.27101  187 1515  176.76097 2912.93062  1548%   463 8340s
 27401 12663  877.05361  208 1530  176.76097 2912.93062  1548%   465 8363s
 27538 12726  730.63590  228 1550  176.76097 2912.93062  1548%   466 8385s
 27647 12851  549.27711  245 1550  176.76097 2912.93062  1548%   468 8406s
 27808 13017  457.17075  260 1549  176.76097 2912.93062  1548%   470 8428s
 28034 13113  233.00797  295 1517  176.76097 2912.93062  1548%   471 8449s
 28259 13148  179.63431  332 1443  176.76097 2912.93062  1548%   472 8482s
 28415 13230 2912.93062   37 1900  176.76097 2912.93062  1548%   473 8511s
 28557 13292 2772.45396   48 1921  176.76097 2912.93062  1548%   475 8542s
 28678 13411 2689.39181   57 1901  176.76097 2912.93062  1548%   477 8573s
 28854 13550 2681.31155   68 1837  176.76097 2912.93062  1548%   479 8633s
 29051 13633 2663.42939   82 1768  176.76097 2912.93062  1548%   481 8662s
 29208 13742 2426.38921   96 1787  176.76097 2912.93062  1548%   484 8695s
 29388 13896 2364.04938  103 1799  176.76097 2912.93062  1548%   486 8726s
 29602 14040 2173.14409  117 1739  176.76097 2912.93062  1548%   486 8761s
 29828 14132 1815.09399  138 1781  176.76097 2912.93062  1548%   490 8797s
 30001 14280 1221.54460  168 1825  176.76097 2912.93062  1548%   492 8832s
 30207 14452  528.01104  201 1784  176.76097 2912.93062  1548%   492 8869s
 30462 14535  512.64604  251 1734  176.76097 2912.93062  1548%   491 8908s
 30652 14637  448.56074  283 1668  176.76097 2912.93062  1548%   493 8977s
 30820 14782  426.32866  303 1626  176.76097 2912.93062  1548%   493 9024s
 31039 14866  405.30154  314 1417  176.76097 2912.93062  1548%   493 9231s
 31196 14995  403.45080  338 1393  176.76097 2912.93062  1548%   494 9280s
 31377 15134  401.74313  364 1367  176.76097 2912.93062  1548%   495 9334s
 31625 15276  398.51338  396 1335  176.76097 2912.93062  1548%   497 9387s
 31850 15410  254.32793  431 1294  176.76097 2912.93062  1548%   500 9440s
 32059 15620  247.89614  457 1251  176.76097 2912.93062  1548%   502 9499s
 32372 15752  246.63559  495 1213  176.76097 2912.93062  1548%   504 9556s
 32608 15890  245.90300  535 1173  176.76097 2912.93062  1548%   505 9611s
 32825 16029  244.53784  574 1133  176.76097 2912.93062  1548%   507 9673s
 33036 16181  242.58705  618 1073  176.76097 2912.93062  1548%   507 9731s
 33258 16315  241.47095  658 1033  176.76097 2912.93062  1548%   509 9796s
 33526 16386  232.67757  702  948  176.76097 2912.93062  1548%   511 9869s
 33715 16531  229.83083  749  887  176.76097 2912.93062  1548%   513 9943s
 33923 16613  216.96160  803  771  176.76097 2912.93062  1548%   513 10022s
 34074 16772  215.75633  839  736  176.76097 2912.93062  1548%   514 10095s
 34295 16960  214.54147  887  688  176.76097 2912.93062  1548%   515 10174s
 34620 17074  211.01914  939  625  176.76097 2912.93062  1548%   515 10263s
 34854 17247  205.07821 1001  563  176.76097 2912.93062  1548%   517 10346s
 35105 17479  202.86040 1065  499  176.76097 2912.93062  1548%   517 10430s
 35436 17646  197.67937 1153  411  176.76097 2912.93062  1548%   517 10520s
 35713 17749  195.21699 1241  318  176.76097 2912.93062  1548%   515 10611s
H35909 18425                     176.8253029 2912.93062  1547%   513 10858s
 37235 18299 2521.25569   60 1794  176.82530 2912.93062  1547%   497 10952s
 37551 18292 1161.33056  135 1456  176.82530 2912.93062  1547%   496 11107s
H37645 17719                     176.8253035 2912.93062  1547%   495 11107s
 37649 18078 1160.84864  136 1442  176.82530 2912.93062  1547%   495 11207s
 38037 19082 2826.46530   37 1868  176.82530 2912.93062  1547%   493 11424s
 39209 18941 2349.92213   54 1813  176.82530 2912.93062  1547%   484 11487s
 39484 19181 1906.38738   73 1566  176.82530 2912.93062  1547%   485 11562s
 39816 20000  866.02979   98 1165  176.82530 2912.93062  1547%   484 11649s
 40840 19845 2794.58821   34 1958  176.82530 2912.93062  1547%   479 11735s
 41094 19989 2551.50851   60 1901  176.82530 2912.93062  1547%   483 11820s
 41322 20153 2211.41693   86 1788  176.82530 2912.93062  1547%   487 11906s
 41562 20401 1475.25770  131 1523  176.82530 2912.93062  1547%   491 11990s
 41890 20578  260.57323  208 1725  176.82530 2912.93062  1547%   494 12087s
 42261 20461 2650.07062   53 1871  176.82530 2912.93062  1547%   499 13301s
 42267 20803 2630.15627   54 1867  176.82530 2912.93062  1547%   499 13398s
 42611 21274 1846.34958   98 1824  176.82530 2912.93062  1547%   506 13490s
 43197 21418 1443.13810  129 1639  176.82530 2912.93062  1547%   512 13622s
 43536 21783  360.37673  175 1399  176.82530 2912.93062  1547%   515 13726s
 44116 22079 2613.80079   38 1848  176.82530 2912.93062  1547%   525 13866s
 44656 22372 2030.44367   61 1570  176.82530 2912.93062  1547%   531 13994s
 45177 22753  751.47570   98 1236  176.82530 2912.93062  1547%   537 14119s
 45812 22890 2320.71734   72 1662  176.82530 2912.93062  1547%   543 14239s
 46223 23080  837.12097  149 1460  176.82530 2912.93062  1547%   547 14349s
 46584 23331 2707.06482   53 1840  176.82530 2912.93062  1547%   549 14470s
 46978 23624 1997.26112  111 1742  176.82530 2912.93062  1547%   553 14688s
 47427 23839  726.41517  178 1643  176.82530 2912.93062  1547%   556 14813s
 47857 24037 2812.25527   54 1868  176.82530 2912.93062  1547%   559 14948s
 48269 24286 2599.07603   96 1699  176.82530 2912.93062  1547%   563 15082s
 48655 24644 2135.81385  132 1568  176.82530 2912.93062  1547%   567 15207s
 49142 25162 1699.99106  157 1530  176.82530 2912.93062  1547%   571 15330s
 49846 25599  764.80164  205 1644  176.82530 2912.93062  1547%   575 15453s
 50532 26033  383.63393  216 1678  176.82530 2912.93062  1547%   578 15653s
 51315 26057 2527.76372   59 1956  176.82530 2912.93062  1547%   583 15805s
H51521 25473                     176.8254055 2912.93062  1547%   586 15805s
H51609 24998                     176.8255951 2912.93062  1547%   586 16016s
H51610 24532                     176.8256312 2912.93062  1547%   586 16016s
 51652 25180 1657.33848  120 1711  176.82563 2912.93062  1547%   586 16224s
 52385 25648 2126.42893   85 1805  176.82563 2912.93062  1547%   589 16407s
 52966 26246 2888.89314   40 2013  176.82563 2912.93062  1547%   594 16600s
H53606 26626                     176.8256330 2912.93062  1547%   597 16779s
 54067 27123 2912.93062   34 1969  176.82563 2912.93062  1547%   599 17013s
 54606 27856 2087.82044   76 1842  176.82563 2912.93062  1547%   603 17215s
 55490 28476 2502.57975   46 1779  176.82563 2912.93062  1547%   606 17399s
 56208 29061  343.90067  187 1298  176.82563 2912.93062  1547%   609 17579s
 56853 29725 2221.50518   83 1836  176.82563 2912.93062  1547%   611 17750s
 57582 30316  925.65903  164 1658  176.82563 2912.93062  1547%   613 17920s
 58279 30738 2310.34533   64 1957  176.82563 2912.93062  1547%   616 18090s
 58701 31297 1289.71271  146 1706  176.82563 2912.93062  1547%   620 18264s
 59326 31721 2358.72576   61 1844  176.82563 2912.93062  1547%   624 18450s
 59779 32379 1241.91471  147 1688  176.82563 2912.93062  1547%   630 18606s
 60461 32916  454.62351  241 1587  176.82563 2912.93062  1547%   629 18787s
 61022 33319  259.10737  280 1221  176.82563 2912.93062  1547%   632 19062s
 61492 33739  256.88062  324 1177  176.82563 2912.93062  1547%   633 19233s
 61924 34192  248.62524  355 1129  176.82563 2912.93062  1547%   635 19396s
 62444 34629  246.18289  392 1092  176.82563 2912.93062  1547%   637 19573s
 62893 35318  245.04286  426 1058  176.82563 2912.93062  1547%   638 19744s
 63649 35762  239.55156  464 1022  176.82563 2912.93062  1547%   637 19928s
 64093 36245  234.49453  507  980  176.82563 2912.93062  1547%   639 20230s
 64660 36880  225.50148  572  915  176.82563 2912.93062  1547%   641 20500s
 65349 37523  218.03926  646  841  176.82563 2912.93062  1547%   645 20759s
 66033 38137  209.09338  716  772  176.82563 2912.93062  1547%   648 21099s
 66752 39291  205.57531  790  698  176.82563 2912.93062  1547%   650 21381s
 68066 39983  201.65245  879  609  176.82563 2912.93062  1547%   654 21590s
 68804 40511  197.64160  968  520  176.82563 2912.93062  1547%   657 21791s
 69427 41051  191.87799 1064  422  176.82563 2912.93062  1547%   660 21974s
 69967 41870  184.15372 1213  266  176.82563 2912.93062  1547%   662 22275s
 70845 42787 2632.25045   55 1874  176.82563 2912.93062  1547%   659 22445s
 71828 43479 1520.43081  116 1773  176.82563 2912.93062  1547%   656 22615s
 72637 44190 2616.78463   44 1820  176.82563 2912.93062  1547%   656 22766s
 73394 45039 1131.35786  135 1422  176.82563 2912.93062  1547%   655 22933s
 74311 45114 2179.60620   62 1478  176.82563 2912.93062  1547%   656 24502s
H74405 45114                     176.8256330 2912.93062  1547%   655 24502s
 74406 45775 2070.67785   61 1425  176.82563 2912.93062  1547%   655 24671s
 75151 46080  195.43452  133  855  176.82563 2912.93062  1547%   660 24857s
 75480 46730 2224.28468   80 1892  176.82563 2912.93062  1547%   662 25015s
 76142 47240  997.60930  146 1688  176.82563 2912.93062  1547%   666 25218s
 76680 47977  252.01624  209 1723  176.82563 2912.93062  1547%   668 25450s
 77471 48535 2560.93375   71 1906  176.82563 2912.93062  1547%   670 25683s
 78079 49108 2167.99590   97 1811  176.82563 2912.93062  1547%   673 25865s
 78682 49968 1741.44968  127 1666  176.82563 2912.93062  1547%   677 26052s
 79556 50545 1147.47881  168 1462  176.82563 2912.93062  1547%   680 26237s
 80133 50972  413.90381  207 1641  176.82563 2912.93062  1547%   681 26414s
 80653 51394 2261.23875   76 1830  176.82563 2912.93062  1547%   684 26592s
 81133 51825 1035.07396  148 1644  176.82563 2912.93062  1547%   685 26768s
 81613 52373 1999.48584   97 1655  176.82563 2912.93062  1547%   686 26942s
 82197 52805 2844.18040   56 1863  176.82563 2912.93062  1547%   687 27139s
 82694 53287 1653.76629  107 1436  176.82563 2912.93062  1547%   688 27337s
 83201 53682  192.36734  192 1144  176.82563 2912.93062  1547%   689 27516s
 83608 54347 1716.89533  111 1740  176.82563 2912.93062  1547%   690 27712s
 84366 54930 2912.93062   36 1973  176.82563 2912.93062  1547%   690 27922s
 84949 55668 2445.22284   69 1894  176.82563 2912.93062  1547%   693 28128s
 85687 56394 1975.19316  127 1641  176.82563 2912.93062  1547%   695 28354s
 86413 57406 1644.00785  157 1575  176.82563 2912.93062  1547%   697 28536s
 87488 57975  911.56680  186 1685  176.82563 2912.93062  1547%   700 28701s
 88115 58320  429.93051  200 1662  176.82563 2912.93062  1547%   703 29038s
 88520 58857  294.85010  204 1667  176.82563 2912.93062  1547%   706 29207s
 89088 59709 1762.05065  109 1499  176.82563 2912.93062  1547%   707 29403s
 90017 60049 2327.01135   76 1861  176.82563 2912.93062  1547%   707 29524s
 90357 60502 1524.24334  129 1625  176.82563 2912.93062  1547%   707 29666s
 90835 60965  260.61692  210 1671  176.82563 2912.93062  1547%   706 29822s
 91322 61505 2434.67188   68 1901  176.82563 2912.93062  1547%   706 29984s
 91876 61860 1350.42104  140 1579  176.82563 2912.93062  1547%   706 30000s
