Cutting planes:
  Learned: 47
  Gomory: 27
  Implied bound: 6230
  Projected implied bound: 5
  MIR: 1950
  StrongCG: 2
  Flow cover: 1330
  Network: 33
  RLT: 526
  Relax-and-lift: 1467

Explored 233839 nodes (189794846 simplex iterations) in 30000.03 seconds
Thread count was 12 (of 12 available processors)

Solution count 10: 428.689 426.739 421.095 ... 393.313

Time limit reached
Best objective 4.286885216078e+02, best bound 2.754126601527e+03, gap 542.4540%
Gurobi 9.1.2: time limit with a feasible solution; objective 428.6885216
189794846 simplex iterations
233839 branch-and-cut nodes
No basis.
No dual variables returned.
8 integer variables rounded to integers; maxerr = 7.7099e-06
profit = 428.689

profit = 428.689

chi [*,*] (tr)
:  Cooling_System OPS Oil Winding    :=
0         0         0   0     0
1         0         0   0     0
2         0         0   0     0
3         0         0   1     0
4         0         0   0     0
5         0         0   0     0
6         0         0   0     0
7         0         0   0     0
8         0         0   0     0
9         0         0   0     0
10        0         0   0     0
11        0         0   0     0
12        0         0   0     0
13        0         0   0     0
14        0         0   0     0
15        0         0   0     0
16        0         0   0     0
17        0         0   0     0
18        0         0   0     0
19        1         0   1     0
20        0         0   0     0
21        0         0   0     0
22        0         0   0     0
23        0         0   0     0
24        0         0   0     0
25        0         0   0     0
26        0         0   0     0
27        0         0   0     0
28        0         0   0     0
29        0         0   0     0
30        0         0   0     0
31        0         0   1     0
32        0         0   0     0
33        0         0   0     0
34        0         0   0     0
35        0         0   0     0
36        0         0   0     0
37        0         0   0     0
38        0         0   0     0
39        0         0   0     0
40        0         0   0     0
41        0         0   0     0
42        0         0   0     0
43        0         0   0     0
44        0         0   0     0
45        0         0   0     0
46        0         0   0     0
47        0         0   0     0
48        0         0   0     0
49        0         0   0     0
50        0         0   0     0
;

q [*] :=
   1 0.83         301 0.176507     601 0.134076     901 0.107808
   2 0.75         302 0.176507     602 0.13393      902 0.107691
   3 0.64         303 0.176507     603 0.133785     903 0.107574
   4 0.7          304 0.176507     604 0.13364      904 0.107457
   5 0.64         305 0.176507     605 0.133495     905 0.107341
   6 0.7          306 0.176507     606 0.13335      906 0.107224
   7 0.83         307 0.176507     607 0.133205     907 0.107108
   8 0.967056     308 0.176507     608 0.133061     908 0.106992
   9 0.966722     309 0.149472     609 0.132916     909 0.106876
  10 0.966388     310 0.102728     610 0.132772     910 0.10676
  11 0.966054     311 0.102616     611 0.132628     911 0.106644
  12 0.965721     312 0.102505     612 0.132484     912 0.106528
  13 0.965388     313 0.153061     613 0.13234      913 0.106413
  14 0.965056     314 0.153061     614 0.132197     914 0.106297
  15 0.964724     315 0.153061     615 0.132053     915 0.106182
  16 0.964392     316 0.153061     616 0.13191      916 0.106067
  17 0.964061     317 0.153061     617 0.131767     917 0.105952
  18 0.96373      318 0.153061     618 0.131624     918 0.105837
  19 0.9634       319 0.153061     619 0.131481     919 0.105722
  20 0.96307      320 0.153061     620 0.131339     920 0.105607
  21 0.96274      321 0.153061     621 0.131196     921 0.105493
  22 0.96241      322 0.153061     622 0.13105      922 0.105378
  23 0.962081     323 0.153061     623 0.130908     923 0.105264
  24 0.961752     324 0.153061     624 0.130766     924 0.10515
  25 0.83         325 0.153061     625 0.130624     925 0.105036
  26 0.75         326 0.153061     626 0.130483     926 0.104922
  27 0.64         327 0.153061     627 0.130341     927 0.104808
  28 0.7          328 0.153061     628 0.1302       928 0.104694
  29 0.64         329 0.153061     629 0.130059     929 0.10458
  30 0.7          330 0.153061     630 0.129918     930 0.104467
  31 0.83         331 0.153061     631 0.129777     931 0.104354
  32 0.959475     332 0.153061     632 0.129636     932 0.10424
  33 0.959149     333 0.153061     633 0.129496     933 0.104127
  34 0.958824     334 0.153061     634 0.129356     934 0.104014
  35 0.958498     335 0.153061     635 0.129215     935 0.103902
  36 0.958174     336 0.099622     636 0.129075     936 0.103789
  37 0.957849     337 0.0995139    637 0.128935     937 0.103676
  38 0.957525     338 0.0994059    638 0.128796     938 0.103564
  39 0.957201     339 0.0992981    639 0.128656     939 0.103451
  40 0.956878     340 0.0991903    640 0.128517     940 0.103339
  41 0.956554     341 0.0990827    641 0.128377     941 0.103227
  42 0.956232     342 0.0989752    642 0.128238     942 0.103115
  43 0.955909     343 0.0988678    643 0.128099     943 0.103003
  44 0.955587     344 0.0987606    644 0.127961     944 0.102891
  45 0.955265     345 0.0986534    645 0.127822     945 0.10278
  46 0.954944     346 0.0985464    646 0.127683     946 0.102668
  47 0.954623     347 0.0984395    647 0.127545     947 0.102557
  48 0.954302     348 0.0983327    648 0.127407     948 0.102446
  49 0.4          349 0.098226     649 0.127268     949 0.102334
  50 0.4          350 0.0981194    650 0.12713      950 0.102223
  51 0.4          351 0.098013     651 0.126992     951 0.102113
  52 0.4          352 0.0979066    652 0.126855     952 0.102002
  53 0.4          353 0.0978004    653 0.126717     953 0.101891
  54 0.4          354 0.0976943    654 0.126579     954 0.101781
  55 0.4          355 0.0975883    655 0.126442     955 0.10167
  56 0.4          356 0.0974824    656 0.126305     956 0.10156
  57 0.4          357 0.0973767    657 0.126168     957 0.10145
  58 0.4          358 0.097271     658 0.126031     958 0.10134
  59 0.4          359 0.0971655    659 0.125894     959 0.10123
  60 0.4          360 0.0970601    660 0.125758     960 0.10112
  61 0.4          361 0.0969548    661 0.125621     961 0.10101
  62 0.4          362 0.0968496    662 0.125485     962 0.1009
  63 0.4          363 0.0967445    663 0.125349     963 0.100791
  64 0.4          364 0.0966395    664 0.125213     964 0.100682
  65 0.4          365 0.0965347    665 0.125077     965 0.100572
  66 0.4          366 0.0964299    666 0.124941     966 0.100463
  67 0.4          367 0.0963253    667 0.124806     967 0.100354
  68 0.4          368 0.0962208    668 0.12467      968 0.100245
  69 0.4          369 0.0961164    669 0.124535     969 0.100137
  70 0.4          370 0.0960121    670 0.1244       970 0.100028
  71 0.4          371 0.095908     671 0.124265     971 0.0999195
  72 0.4          372 0.0958039    672 0.12413      972 0.0998111
  73 0.83         373 0.0957       673 0.123995     973 0.0997028
  74 0.75         374 0.0955961    674 0.123861     974 0.0995946
  75 0.64         375 0.0954924    675 0.123727     975 0.0994865
  76 0.7          376 0.0953888    676 0.123592     976 0.0993786
  77 0.64         377 0.0952853    677 0.123458     977 0.0992708
  78 0.7          378 0.095182     678 0.123324     978 0.0991631
  79 0.83         379 0.0950787    679 0.12319      979 0.0990555
  80 0.864258     380 0.0949755    680 0.123057     980 0.098948
  81 0.864258     381 0.0948725    681 0.122923     981 0.0988407
  82 0.864258     382 0.0947696    682 0.12279      982 0.0987334
  83 0.864258     383 0.0946667    683 0.122657     983 0.0986263
  84 0.864258     384 0.094564     684 0.122524     984 0.0985193
  85 0.864258     385 0.0944614    685 0.122391     985 0.0984124
  86 0.864258     386 0.0943589    686 0.122258     986 0.0983057
  87 0.864258     387 0.0942566    687 0.122125     987 0.098199
  88 0.864258     388 0.0941543    688 0.121993     988 0.0980925
  89 0.864258     389 0.0940522    689 0.12186      989 0.0979861
  90 0.864258     390 0.0939501    690 0.121728     990 0.0978798
  91 0.864258     391 0.0938482    691 0.121596     991 0.0977736
  92 0.864258     392 0.0937464    692 0.121464     992 0.0976675
  93 0.864258     393 0.0936447    693 0.121332     993 0.0975616
  94 0.864258     394 0.0935431    694 0.121201     994 0.0974558
  95 0.864258     395 0.0934416    695 0.121069     995 0.09735
  96 0.137882     396 0.0933402    696 0.120938     996 0.0972444
  97 0.137732     397 0.0932389    697 0.120807     997 0.0971389
  98 0.137583     398 0.0931378    698 0.120676     998 0.0970333
  99 0.137433     399 0.0930367    699 0.120545     999 0.096928
 100 0.137284     400 0.0929358    700 0.120415    1000 0.0968229
 101 0.137135     401 0.0928349    701 0.120285    1001 0.0967178
 102 0.136987     402 0.0927342    702 0.120154    1002 0.0966129
 103 0.136838     403 0.0926336    703 0.120024    1003 0.0965081
 104 0.13669      404 0.0925331    704 0.119894    1004 0.0964034
 105 0.136541     405 0.0924327    705 0.119764    1005 0.0962988
 106 0.136393     406 0.0923324    706 0.119635    1006 0.0961944
 107 0.136245     407 0.0922323    707 0.119505    1007 0.09609
 108 0.136097     408 0.0921322    708 0.119376    1008 0.0959858
 109 0.13595      409 0.0920322    709 0.119247    1009 0.0958816
 110 0.135802     410 0.0919324    710 0.119117    1010 0.0957776
 111 0.135655     411 0.0918326    711 0.118989    1011 0.0956737
 112 0.135508     412 0.091733     712 0.11886     1012 0.0955699
 113 0.135361     413 0.0916335    713 0.118731    1013 0.0954662
 114 0.135214     414 0.0915341    714 0.118602    1014 0.0953626
 115 0.135067     415 0.0914348    715 0.118474    1015 0.0952592
 116 0.134921     416 0.0913356    716 0.118345    1016 0.0951558
 117 0.134774     417 0.0912365    717 0.146397    1017 0.0950526
 118 0.134628     418 0.0911375    718 0.146397    1018 0.0949495
 119 0.134482     419 0.0910386    719 0.146397    1019 0.0948464
 120 0.134336     420 0.0909398    720 0.125583    1020 0.0947435
 121 0.13419      421 0.0908412    721 0.126474    1021 0.0946407
 122 0.134045     422 0.0907426    722 0.126521    1022 0.0945381
 123 0.133899     423 0.0906442    723 0.126521    1023 0.0944355
 124 0.133754     424 0.0905458    724 0.126521    1024 0.094333
 125 0.133609     425 0.0904476    725 0.126521    1025 0.0942307
 126 0.133464     426 0.0903494    726 0.126521    1026 0.0941285
 127 0.133319     427 0.0902514    727 0.126521    1027 0.0940263
 128 0.133174     428 0.0901535    728 0.126521    1028 0.0939243
 129 0.13303      429 0.0900557    729 0.126521    1029 0.0938224
 130 0.132886     430 0.089958     730 0.126521    1030 0.0937206
 131 0.132741     431 0.0898604    731 0.126521    1031 0.093619
 132 0.132597     432 0.0897629    732 0.126521    1032 0.0935174
 133 0.132454     433 0            733 0.126521    1033 0.0934159
 134 0.13231      434 0            734 0.126521    1034 0.0933146
 135 0.132166     435 0            735 0.126521    1035 0.0932133
 136 0.132023     436 0            736 0.126521    1036 0.0931122
 137 0.13188      437 0            737 0.126521    1037 0.0930112
 138 0.131737     438 0            738 0.126521    1038 0.0929103
 139 0.131594     439 0            739 0.126521    1039 0.0928095
 140 0.131451     440 0            740 0.126521    1040 0.0927088
 141 0.131308     441 0            741 0.126521    1041 0.0926082
 142 0.131166     442 0            742 0.126521    1042 0.0925077
 143 0.131023     443 0            743 0.126521    1043 0.0924073
 144 0.130881     444 0            744 0.126521    1044 0.0923071
 145 0.130739     445 0            745 0.125878    1045 0.0922069
 146 0.130597     446 0            746 0.125878    1046 0.0921069
 147 0.130456     447 0            747 0.125878    1047 0.092007
 148 0.130314     448 0            748 0.125878    1048 0.0919071
 149 0.130173     449 0            749 0.125878    1049 0.0918074
 150 0.130032     450 0            750 0.125878    1050 0.0917078
 151 0.129891     451 0            751 0.125878    1051 0.0916083
 152 0.12975      452 0            752 0.125878    1052 0.0915089
 153 0.129609     453 0            753 0.125878    1053 0.0914097
 154 0.129468     454 0            754 0.125878    1054 0.0913105
 155 0.129328     455 0            755 0.125878    1055 0.0912114
 156 0.129187     456 0            756 0.125878    1056 0.0911125
 157 0.129047     457 0.153061     757 0.125878    1057 0.0910136
 158 0.128907     458 0.153061     758 0.125878    1058 0.0909149
 159 0.128767     459 0.153061     759 0.125878    1059 0.0908162
 160 0.552841     460 0.153061     760 0.125878    1060 0.0907177
 161 0.75718      461 0.153061     761 0.125878    1061 0.0906193
 162 0.75718      462 0.153061     762 0.125878    1062 0.090521
 163 0.75718      463 0.153061     763 0.125878    1063 0.0904227
 164 0.75718      464 0.153061     764 0.125878    1064 0.0903246
 165 0.75718      465 0.153061     765 0.125878    1065 0.0902266
 166 0.75718      466 0.153061     766 0.125878    1066 0.0901288
 167 0.75718      467 0.153061     767 0.125878    1067 0.090031
 168 0.75718      468 0.153061     768 0.124553    1068 0.0899333
 169 0.554478     469 0.153061     769 0.124417    1069 0.0898357
 170 0.554478     470 0.153061     770 0.124282    1070 0.0897383
 171 0.554478     471 0.153061     771 0.124148    1071 0.0896409
 172 0.554478     472 0.153061     772 0.124013    1072 0.0895436
 173 0.554478     473 0.153061     773 0.123878    1073 0.0894465
 174 0.554478     474 0.153061     774 0.123744    1074 0.0893494
 175 0.554478     475 0.153061     775 0.12361     1075 0.0892525
 176 0.554478     476 0.153061     776 0.123476    1076 0.0891557
 177 0.554478     477 0.153061     777 0.123342    1077 0.0890589
 178 0.554478     478 0.153061     778 0.123208    1078 0.0889623
 179 0.554478     479 0.153061     779 0.123074    1079 0.0888658
 180 0.554478     480 0.152895     780 0.122941    1080 0.0887694
 181 0.554478     481 0.152729     781 0.122807    1081 0.0886731
 182 0.554478     482 0.152564     782 0.122674    1082 0.0885769
 183 0.554478     483 0.152398     783 0.122541    1083 0.0884808
 184 0.554478     484 0.152233     784 0.122408    1084 0.0883848
 185 0.554478     485 0.152068     785 0.122275    1085 0.0882889
 186 0.554478     486 0.151903     786 0.122142    1086 0.0881931
 187 0.554478     487 0.151738     787 0.12201     1087 0.0880974
 188 0.554478     488 0.151573     788 0.121878    1088 0.0880018
 189 0.554478     489 0.151409     789 0.121745    1089 0.0879064
 190 0.554478     490 0.151244     790 0.121613    1090 0.087811
 191 0.554478     491 0.15108      791 0.121481    1091 0.0877157
 192 0.554478     492 0.150916     792 0.121349    1092 0.0876205
 193 0.415035     493 0.150753     793 0.121218    1093 0.0875255
 194 0.415035     494 0.150589     794 0.121086    1094 0.0874305
 195 0.415035     495 0.150426     795 0.120955    1095 0.0873357
 196 0.415035     496 0.150263     796 0.120824    1096 0.0872409
 197 0.415035     497 0.1501       797 0.120693    1097 0.0871463
 198 0.415035     498 0.149937     798 0.120562    1098 0.0870517
 199 0.415035     499 0.149774     799 0.120431    1099 0.0869573
 200 0.415035     500 0.149611     800 0.1203      1100 0.0868629
 201 0.415035     501 0.149449     801 0.12017     1101 0.0867687
 202 0.415035     502 0.149287     802 0.120039    1102 0.0866745
 203 0.415035     503 0.149125     803 0.119909    1103 0.0865805
 204 0.415035     504 0.148963     804 0.119779    1104 0.0864866
 205 0.415035     505 0.148802     805 0.119649    1105 0.0863927
 206 0.415035     506 0.14864      806 0.119519    1106 0.086299
 207 0.415035     507 0.148479     807 0.11939     1107 0.0862054
 208 0.415035     508 0.148318     808 0.11926     1108 0.0861118
 209 0.415035     509 0.148157     809 0.119131    1109 0.0860184
 210 0.415035     510 0.147996     810 0.119001    1110 0.0859251
 211 0.415035     511 0.147836     811 0.118872    1111 0.0858319
 212 0.415035     512 0.147675     812 0.118743    1112 0.0857387
 213 0.415035     513 0.147515     813 0.118614    1113 0.0856457
 214 0.415035     514 0.147355     814 0.118486    1114 0.0855528
 215 0.415035     515 0.147195     815 0.118357    1115 0.08546
 216 0.415035     516 0.147035     816 0.118229    1116 0.0853673
 217 0.318832     517 0.146876     817 0.118101    1117 0.0852746
 218 0.318832     518 0.146717     818 0.117972    1118 0.0851821
 219 0.318832     519 0.146557     819 0.117844    1119 0.0850897
 220 0.318832     520 0.146398     820 0.117717    1120 0.0849974
 221 0.318832     521 0.14624      821 0.117589    1121 0.0849052
 222 0.318832     522 0.146081     822 0.117461    1122 0.0848131
 223 0.318832     523 0.145922     823 0.117334    1123 0.084721
 224 0.318832     524 0.145764     824 0.117207    1124 0.0846291
 225 0.318832     525 0.145606     825 0.117079    1125 0.0845373
 226 0.318832     526 0.145448     826 0.116952    1126 0.0844456
 227 0.318832     527 0.14529      827 0.116825    1127 0.084354
 228 0.318832     528 0.145132     828 0.116699    1128 0.0842625
 229 0.318832     529 0.144975     829 0.116572    1129 0.084171
 230 0.318832     530 0.144818     830 0.116446    1130 0.0840797
 231 0.318832     531 0.144661     831 0.116319    1131 0.0839885
 232 0.318832     532 0.144504     832 0.116193    1132 0.0838974
 233 0.318832     533 0.144347     833 0.116067    1133 0.0838063
 234 0.318832     534 0.14419      834 0.115941    1134 0.0837154
 235 0.318832     535 0.144034     835 0.115815    1135 0.0836246
 236 0.318832     536 0.143878     836 0.11569     1136 0.0835339
 237 0.318832     537 0.143721     837 0.115564    1137 0.0834432
 238 0.318832     538 0.143566     838 0.115439    1138 0.0833527
 239 0.318832     539 0.14341      839 0.115314    1139 0.0832623
 240 0.318832     540 0.143254     840 0.115188    1140 0.0831719
 241 0.252193     541 0.143099     841 0.115063    1141 0.0830817
 242 0.252193     542 0.142944     842 0.114939    1142 0.0829916
 243 0.252193     543 0.142788     843 0.114814    1143 0.0829015
 244 0.252193     544 0.142634     844 0.114689    1144 0.0828116
 245 0.252193     545 0.142479     845 0.114565    1145 0.0827217
 246 0.252193     546 0.142324     846 0.114441    1146 0.082632
 247 0.252193     547 0.14217      847 0.114316    1147 0.0825423
 248 0.252193     548 0.142016     848 0.114192    1148 0.0824528
 249 0.252193     549 0.141861     849 0.114069    1149 0.103606
 250 0.252193     550 0.141708     850 0.113945    1150 0.105902
 251 0.252193     551 0.141554     851 0.113821    1151 0.105902
 252 0.252193     552 0.1414       852 0.113698    1152 0.105902
 253 0.252193     553 0.141247     853 0.113574    1153 0.0849942
 254 0.252193     554 0.141094     854 0.113451    1154 0.0849942
 255 0.252193     555 0.14094      855 0.113328    1155 0.0849942
 256 0.252193     556 0.140788     856 0.113205    1156 0.0849942
 257 0.252193     557 0.140635     857 0.113082    1157 0.0849942
 258 0.252193     558 0.140482     858 0.11296     1158 0.0849942
 259 0.252193     559 0.14033      859 0.112837    1159 0.0849942
 260 0.252193     560 0.140178     860 0.112715    1160 0.0849942
 261 0.252193     561 0.140025     861 0.112592    1161 0.0849942
 262 0.252193     562 0.139874     862 0.11247     1162 0.0849942
 263 0.252193     563 0.139722     863 0.112348    1163 0.0849942
 264 0.252193     564 0.13957      864 0.112226    1164 0.0849942
 265 0.205775     565 0.139419     865 0.112104    1165 0.0849942
 266 0.205775     566 0.139268     866 0.111983    1166 0.0849942
 267 0.205775     567 0.139116     867 0.111861    1167 0.0849942
 268 0.205775     568 0.138966     868 0.11174     1168 0.0849942
 269 0.205775     569 0.138815     869 0.111619    1169 0.0849942
 270 0.205775     570 0.138664     870 0.111498    1170 0.0849942
 271 0.205775     571 0.138514     871 0.111377    1171 0.0849942
 272 0.205775     572 0.138363     872 0.111256    1172 0.0849942
 273 0.205775     573 0.138213     873 0.111135    1173 0.0849942
 274 0.205775     574 0.138063     874 0.111015    1174 0.0849942
 275 0.205775     575 0.137914     875 0.110894    1175 0.0849942
 276 0.205775     576 0.137764     876 0.110774    1176 0.0849942
 277 0.205775     577 0.137615     877 0.110654    1177 0.0798588
 278 0.205775     578 0.137466     878 0.110534    1178 0.0798588
 279 0.205775     579 0.137317     879 0.110414    1179 0.0798588
 280 0.205775     580 0.137168     880 0.110294    1180 0.0798588
 281 0.205775     581 0.13702      881 0.110174    1181 0.0798588
 282 0.205775     582 0.136872     882 0.110055    1182 0.0798588
 283 0.205775     583 0.136724     883 0.109935    1183 0.0798588
 284 0.205775     584 0.136576     884 0.109816    1184 0.0798588
 285 0.205775     585 0.136425     885 0.109697    1185 0.0798588
 286 0.205775     586 0.136277     886 0.109578    1186 0.0798588
 287 0.205775     587 0.136129     887 0.109459    1187 0.0798588
 288 0.205775     588 0.135982     888 0.10934     1188 0.0798588
 289 0.176507     589 0.135835     889 0.109222    1189 0.0798588
 290 0.176507     590 0.135688     890 0.109103    1190 0.0798588
 291 0.176507     591 0.135541     891 0.108985    1191 0.0798588
 292 0.176507     592 0.135394     892 0.108866    1192 0.0798588
 293 0.176507     593 0.135248     893 0.108748    1193 0.0798588
 294 0.176507     594 0.135101     894 0.10863     1194 0.0798588
 295 0.176507     595 0.134955     895 0.108512    1195 0.0798588
 296 0.176507     596 0.134809     896 0.108395    1196 0.0798588
 297 0.176507     597 0.134663     897 0.108277    1197 0.0798588
 298 0.176507     598 0.134518     898 0.10816     1198 0.0798588
 299 0.176507     599 0.134372     899 0.108042    1199 0.0798588
 300 0.176507     600 0.134226     900 0.107925    1200 0.0798588
;

