Cutting planes:
  Gomory: 37
  Cover: 41
  Implied bound: 46
  Projected implied bound: 74
  Clique: 85
  MIR: 2715
  Flow cover: 12497
  RLT: 666
  Relax-and-lift: 1818

Explored 334434 nodes (343293910 simplex iterations) in 80000.05 seconds
Thread count was 12 (of 12 available processors)

Solution count 10: 206.339 169.603 169.514 ... -13049.4

Time limit reached
Best objective 2.063385920315e+02, best bound 2.923621396194e+03, gap 1316.9048%
Gurobi 9.1.2: time limit with a feasible solution; objective 206.338592
343293910 simplex iterations
334434 branch-and-cut nodes
No basis.
No dual variables returned.
31 integer variables rounded to integers; maxerr = 1.26234e-06
profit = 206.339

chi [*,*] (tr)
:   Cooling_System OPS Oil Winding    :=
0          0         0   0     0
1          0         0   0     0
2          0         0   0     0
3          0         0   0     0
4          0         0   0     0
5          0         0   0     0
6          0         0   0     0
7          0         0   0     0
8          0         0   0     0
9          0         0   0     0
10         0         0   0     0
11         0         0   0     0
12         0         0   0     0
13         0         0   0     0
14         0         0   0     0
15         0         0   0     0
16         0         0   0     0
17         0         0   0     0
18         0         0   0     0
19         0         0   0     0
20         0         0   0     0
21         0         0   0     0
22         0         0   0     0
23         0         0   0     0
24         0         0   0     0
25         0         0   0     0
26         0         0   0     0
27         0         0   0     0
28         0         0   0     0
29         0         0   0     0
30         0         0   0     0
31         0         0   0     0
32         0         0   0     0
33         0         0   0     0
34         0         0   0     0
35         0         0   0     0
36         0         0   0     0
37         0         0   0     0
38         0         0   0     0
39         0         0   0     0
40         0         0   0     0
41         0         0   0     0
42         0         0   0     0
43         0         0   0     0
44         0         0   0     0
45         0         0   0     0
46         0         0   0     0
47         0         0   0     0
48         0         0   0     0
49         0         0   0     0
50         0         0   0     0
51         0         0   0     0
52         0         0   0     0
53         0         0   0     0
54         0         0   0     0
55         0         0   0     0
56         0         0   0     0
57         0         0   0     0
58         0         0   0     0
59         0         0   0     0
60         0         0   0     0
61         0         0   0     0
62         0         0   0     0
63         0         0   0     0
64         0         0   0     0
65         0         0   0     0
66         0         0   0     0
67         0         0   0     0
68         0         0   0     0
69         0         0   0     0
70         0         0   0     0
71         0         0   0     0
72         0         0   0     0
73         0         0   0     0
74         0         0   0     0
75         0         0   0     0
76         0         0   0     0
77         0         0   0     0
78         0         0   0     0
79         0         0   0     0
80         0         0   0     0
81         0         0   0     0
82         0         0   0     0
83         0         0   0     0
84         0         0   0     0
85         0         0   0     0
86         0         0   0     0
87         0         0   0     0
88         0         0   0     0
89         0         0   0     0
90         0         0   0     0
91         0         0   0     0
92         0         0   1     0
93         0         0   0     0
94         0         0   0     0
95         0         0   0     0
96         0         0   0     0
97         0         0   0     0
98         0         0   0     0
99         0         0   0     0
100        0         0   0     0
;

q [*] :=
   1 0.83         601 0.0693656   1201 0.0361643   1801 0.0188546
   2 0.75         602 0.0692904   1202 0.0361251   1802 0.0188341
   3 0.64         603 0.0692152   1203 0.0360859   1803 0.0188137
   4 0.7          604 0.0691401   1204 0.0360467   1804 0.0187933
   5 0.64         605 0.0690651   1205 0.0360076   1805 0.0187729
   6 0.7          606 0.0689902   1206 0.0359686   1806 0.0187525
   7 0.83         607 0.0689153   1207 0.0359295   1807 0.0187322
   8 0.967056     608 0.0688405   1208 0.0358906   1808 0.0187118
   9 0.966722     609 0.0687658   1209 0.0358516   1809 0.0186915
  10 0.966388     610 0.0686912   1210 0.0358127   1810 0.0186712
  11 0.966054     611 0.0686167   1211 0.0357739   1811 0.018651
  12 0.965721     612 0.0685423   1212 0.0357351   1812 0.0186308
  13 0.965388     613 0.0684679   1213 0.0356963   1813 0.0186105
  14 0.965056     614 0.0683936   1214 0.0356576   1814 0.0185904
  15 0.964724     615 0.0683194   1215 0.0356189   1815 0.0185702
  16 0.964392     616 0.0682453   1216 0.0355802   1816 0.01855
  17 0.964061     617 0.0681713   1217 0.0355416   1817 0.0185299
  18 0.96373      618 0.0680973   1218 0.0355031   1818 0.0185098
  19 0.9634       619 0.0680234   1219 0.0354645   1819 0.0184897
  20 0.96307      620 0.0679496   1220 0.0354261   1820 0.0184697
  21 0.96274      621 0.0678759   1221 0.0353876   1821 0.0184496
  22 0.96241      622 0.0678022   1222 0.0353492   1822 0.0184296
  23 0.962081     623 0.0677287   1223 0.0353109   1823 0.0184096
  24 0.961752     624 0.0676552   1224 0.0352726   1824 0.0183896
  25 0.83         625 0.0675818   1225 0.0352343   1825 0.0183697
  26 0.75         626 0.0675085   1226 0.0351961   1826 0.0183498
  27 0.64         627 0.0674352   1227 0.0351579   1827 0.0183299
  28 0.7          628 0.0673621   1228 0.0351198   1828 0.01831
  29 0.64         629 0.067289    1229 0.0350816   1829 0.0182901
  30 0.7          630 0.067216    1230 0.0350436   1830 0.0182703
  31 0.83         631 0.0671431   1231 0.0350056   1831 0.0182504
  32 0.959475     632 0.0670702   1232 0.0349676   1832 0.0182306
  33 0.959149     633 0.0669974   1233 0.0349297   1833 0.0182109
  34 0.958824     634 0.0669248   1234 0.0348918   1834 0.0181911
  35 0.958498     635 0.0668521   1235 0.0348539   1835 0.0181714
  36 0.958174     636 0.0667796   1236 0.0348161   1836 0.0181516
  37 0.957849     637 0.0667072   1237 0.0347783   1837 0.018132
  38 0.957525     638 0.0666348   1238 0.0347406   1838 0.0181123
  39 0.957201     639 0.0665625   1239 0.0347029   1839 0.0180926
  40 0.956878     640 0.0664903   1240 0.0346652   1840 0.018073
  41 0.956554     641 0.0664181   1241 0.0346276   1841 0.0180534
  42 0.956232     642 0.0663461   1242 0.0345901   1842 0.0180338
  43 0.955909     643 0.0662741   1243 0.0345525   1843 0.0180142
  44 0.955587     644 0.0662022   1244 0.034515    1844 0.0179947
  45 0.955265     645 0.0661304   1245 0.0344776   1845 0.0179752
  46 0.954944     646 0.0660586   1246 0.0344402   1846 0.0179557
  47 0.954623     647 0.065987    1247 0.0344028   1847 0.0179362
  48 0.954302     648 0.0659154   1248 0.0343655   1848 0.0179167
  49 0.83         649 0.0658438   1249 0.0343282   1849 0.0178973
  50 0.75         650 0.0657724   1250 0.034291    1850 0.0178779
  51 0.64         651 0.0657011   1251 0.0342538   1851 0.0178585
  52 0.7          652 0.0656298   1252 0.0342166   1852 0.0178391
  53 0.64         653 0.0655586   1253 0.0341795   1853 0.0178197
  54 0.7          654 0.0654874   1254 0.0341424   1854 0.0178004
  55 0.83         655 0.0654164   1255 0.0341054   1855 0.0177811
  56 0.945487     656 0.0653454   1256 0.0340684   1856 0.0177618
  57 0.945487     657 0.0652745   1257 0.0340314   1857 0.0177425
  58 0.945487     658 0.0652037   1258 0.0339945   1858 0.0177233
  59 0.945487     659 0.065133    1259 0.0339576   1859 0.0177041
  60 0.945487     660 0.0650623   1260 0.0339207   1860 0.0176848
  61 0.945487     661 0.0649917   1261 0.0338839   1861 0.0176657
  62 0.945487     662 0.0649212   1262 0.0338472   1862 0.0176465
  63 0.945487     663 0.0648508   1263 0.0338105   1863 0.0176274
  64 0.945487     664 0.0647804   1264 0.0337738   1864 0.0176082
  65 0.945487     665 0.0647101   1265 0.0337371   1865 0.0175891
  66 0.945487     666 0.0646399   1266 0.0337005   1866 0.01757
  67 0.945487     667 0.0645698   1267 0.033664    1867 0.017551
  68 0.945487     668 0.0644997   1268 0.0336274   1868 0.0175319
  69 0.945487     669 0.0644297   1269 0.033591    1869 0.0175129
  70 0.945487     670 0.0643598   1270 0.0335545   1870 0.0174939
  71 0.945487     671 0.06429     1271 0.0335181   1871 0.0174749
  72 0.945487     672 0.0642203   1272 0.0334817   1872 0.017456
  73 0.685014     673 0.0641506   1273 0.0334454   1873 0.017437
  74 0.685014     674 0.064081    1274 0.0334091   1874 0.0174181
  75 0.64         675 0.0640115   1275 0.0333729   1875 0.0173992
  76 0.685014     676 0.063942    1276 0.0333367   1876 0.0173803
  77 0.64         677 0.0638726   1277 0.0333005   1877 0.0173615
  78 0.685014     678 0.0638033   1278 0.0332644   1878 0.0173426
  79 0.685014     679 0.0637341   1279 0.0332283   1879 0.0173238
  80 0.685014     680 0.063665    1280 0.0331922   1880 0.017305
  81 0.685014     681 0.0635959   1281 0.0331562   1881 0.0172863
  82 0.685014     682 0.0635269   1282 0.0331203   1882 0.0172675
  83 0.685014     683 0.063458    1283 0.0330843   1883 0.0172488
  84 0.685014     684 0.0633891   1284 0.0330484   1884 0.0172301
  85 0.685014     685 0.0633204   1285 0.0330126   1885 0.0172114
  86 0.685014     686 0.0632517   1286 0.0329768   1886 0.0171927
  87 0.685014     687 0.063183    1287 0.032941    1887 0.017174
  88 0.685014     688 0.0631145   1288 0.0329052   1888 0.0171554
  89 0.685014     689 0.063046    1289 0.0328695   1889 0.0171368
  90 0.685014     690 0.0629776   1290 0.0328339   1890 0.0171182
  91 0.685014     691 0.0629093   1291 0.0327983   1891 0.0170996
  92 0.685014     692 0.062841    1292 0.0327627   1892 0.0170811
  93 0.685014     693 0.0627728   1293 0.0327271   1893 0.0170625
  94 0.685014     694 0.0627047   1294 0.0326916   1894 0.017044
  95 0.685014     695 0.0626367   1295 0.0326561   1895 0.0170255
  96 0.685014     696 0.0625688   1296 0.0326207   1896 0.0170071
  97 0.504883     697 0.0625009   1297 0.0325853   1897 0.0169886
  98 0.504883     698 0.0624331   1298 0.03255     1898 0.0169702
  99 0.504883     699 0.0623653   1299 0.0325147   1899 0.0169518
 100 0.504883     700 0.0622977   1300 0.0324794   1900 0.0169334
 101 0.504883     701 0.0622301   1301 0.0324441   1901 0.016915
 102 0.504883     702 0.0621626   1302 0.0324089   1902 0.0168967
 103 0.504883     703 0.0620951   1303 0.0323738   1903 0.0168783
 104 0.504883     704 0.0620277   1304 0.0323387   1904 0.01686
 105 0.504883     705 0.0619605   1305 0.0323036   1905 0.0168417
 106 0.504883     706 0.0618932   1306 0.0322685   1906 0.0168235
 107 0.504883     707 0.0618261   1307 0.0322335   1907 0.0168052
 108 0.504883     708 0.061759    1308 0.0321985   1908 0.016787
 109 0.504883     709 0.061692    1309 0.0321636   1909 0.0167688
 110 0.504883     710 0.0616251   1310 0.0321287   1910 0.0167506
 111 0.504883     711 0.0615582   1311 0.0320939   1911 0.0167324
 112 0.504883     712 0.0614914   1312 0.032059    1912 0.0167142
 113 0.504883     713 0.0614247   1313 0.0320243   1913 0.0166961
 114 0.504883     714 0.0613581   1314 0.0319895   1914 0.016678
 115 0.504883     715 0.0612915   1315 0.0319548   1915 0.0166599
 116 0.504883     716 0.061225    1316 0.0319201   1916 0.0166418
 117 0.504883     717 0.0611586   1317 0.0318855   1917 0.0166238
 118 0.504883     718 0.0610922   1318 0.0318509   1918 0.0166057
 119 0.504883     719 0.0610259   1319 0.0318164   1919 0.0165877
 120 0.504883     720 0.0609597   1320 0.0317818   1920 0.0165697
 121 0.384453     721 0.0608936   1321 0.0317474   1921 0.0165517
 122 0.384453     722 0.0608275   1322 0.0317129   1922 0.0165338
 123 0.384453     723 0.0607615   1323 0.0316785   1923 0.0165158
 124 0.384453     724 0.0606956   1324 0.0316441   1924 0.0164979
 125 0.384453     725 0.0606297   1325 0.0316098   1925 0.01648
 126 0.384453     726 0.060564    1326 0.0315755   1926 0.0164621
 127 0.384453     727 0.0604983   1327 0.0315412   1927 0.0164443
 128 0.384453     728 0.0604326   1328 0.031507    1928 0.0164264
 129 0.384453     729 0.0603671   1329 0.0314728   1929 0.0164086
 130 0.384453     730 0.0603016   1330 0.0314387   1930 0.0163908
 131 0.384453     731 0.0602361   1331 0.0314046   1931 0.016373
 132 0.384453     732 0.0601708   1332 0.0313705   1932 0.0163553
 133 0.384453     733 0.0601055   1333 0.0313365   1933 0.0163375
 134 0.384453     734 0.0600403   1334 0.0313025   1934 0.0163198
 135 0.384453     735 0.0599752   1335 0.0312685   1935 0.0163021
 136 0.384453     736 0.0599101   1336 0.0312346   1936 0.0162844
 137 0.384453     737 0.0598451   1337 0.0312007   1937 0.0162667
 138 0.384453     738 0.0597802   1338 0.0311669   1938 0.0162491
 139 0.384453     739 0.0597153   1339 0.031133    1939 0.0162315
 140 0.384453     740 0.0596505   1340 0.0310993   1940 0.0162139
 141 0.384453     741 0.0595858   1341 0.0310655   1941 0.0161963
 142 0.384453     742 0.0595211   1342 0.0310318   1942 0.0161787
 143 0.384453     743 0.0594566   1343 0.0309982   1943 0.0161611
 144 0.115173     744 0.0593921   1344 0.0309645   1944 0.0161436
 145 0.115048     745 0.0593276   1345 0.0309309   1945 0.0161261
 146 0.114923     746 0.0592633   1346 0.0308974   1946 0.0161086
 147 0.114798     747 0.059199    1347 0.0308638   1947 0.0160911
 148 0.114674     748 0.0591347   1348 0.0308304   1948 0.0160737
 149 0.114549     749 0.0590706   1349 0.0307969   1949 0.0160562
 150 0.114425     750 0.0590065   1350 0.0307635   1950 0.0160388
 151 0.114301     751 0.0589425   1351 0.0307301   1951 0.0160214
 152 0.114177     752 0.0588785   1352 0.0306968   1952 0.016004
 153 0.114053     753 0.0588146   1353 0.0306635   1953 0.0159866
 154 0.113929     754 0.0587508   1354 0.0306302   1954 0.0159693
 155 0.113806     755 0.0586871   1355 0.030597    1955 0.015952
 156 0.113682     756 0.0586234   1356 0.0305638   1956 0.0159347
 157 0.113559     757 0.0585598   1357 0.0305306   1957 0.0159174
 158 0.113436     758 0.0584963   1358 0.0304975   1958 0.0159001
 159 0.113312     759 0.0584328   1359 0.0304644   1959 0.0158829
 160 0.11319      760 0.0583694   1360 0.0304314   1960 0.0158656
 161 0.113067     761 0.0583061   1361 0.0303983   1961 0.0158484
 162 0.112944     762 0.0582428   1362 0.0303654   1962 0.0158312
 163 0.112822     763 0.0581796   1363 0.0303324   1963 0.015814
 164 0.112699     764 0.0581165   1364 0.0302995   1964 0.0157969
 165 0.112577     765 0.0580535   1365 0.0302666   1965 0.0157798
 166 0.112455     766 0.0579905   1366 0.0302338   1966 0.0157626
 167 0.112333     767 0.0579276   1367 0.030201    1967 0.0157455
 168 0.112211     768 0.0578647   1368 0.0301682   1968 0.0157284
 169 0.112089     769 0.0578019   1369 0.0301355   1969 0.0157114
 170 0.111967     770 0.0577392   1370 0.0301028   1970 0.0156943
 171 0.111846     771 0.0576766   1371 0.0300701   1971 0.0156773
 172 0.111725     772 0.057614    1372 0.0300375   1972 0.0156603
 173 0.111603     773 0.0575515   1373 0.0300049   1973 0.0156433
 174 0.111482     774 0.0574891   1374 0.0299724   1974 0.0156263
 175 0.111361     775 0.0574267   1375 0.0299399   1975 0.0156094
 176 0.111241     776 0.0573644   1376 0.0299074   1976 0.0155924
 177 0.11112      777 0.0573022   1377 0.0298749   1977 0.0155755
 178 0.110999     778 0.05724     1378 0.0298425   1978 0.0155586
 179 0.110879     779 0.0571779   1379 0.0298101   1979 0.0155418
 180 0.110759     780 0.0571159   1380 0.0297778   1980 0.0155249
 181 0.110638     781 0.0570539   1381 0.0297455   1981 0.015508
 182 0.110518     782 0.056992    1382 0.0297132   1982 0.0154912
 183 0.110398     783 0.0569302   1383 0.029681    1983 0.0154744
 184 0.110279     784 0.0568684   1384 0.0296488   1984 0.0154576
 185 0.110159     785 0.0568067   1385 0.0296166   1985 0.0154409
 186 0.11004      786 0.056745    1386 0.0295845   1986 0.0154241
 187 0.10992      787 0.0566835   1387 0.0295524   1987 0.0154074
 188 0.109801     788 0.056622    1388 0.0295203   1988 0.0153907
 189 0.109682     789 0.0565606   1389 0.0294883   1989 0.015374
 190 0.109563     790 0.0564992   1390 0.0294563   1990 0.0153573
 191 0.109444     791 0.0564379   1391 0.0294243   1991 0.0153406
 192 0.109325     792 0.0563767   1392 0.0293924   1992 0.015324
 193 0.109207     793 0.0563155   1393 0.0293605   1993 0.0153073
 194 0.109088     794 0.0562544   1394 0.0293287   1994 0.0152907
 195 0.10897      795 0.0561934   1395 0.0292969   1995 0.0152741
 196 0.108851     796 0.0561324   1396 0.0292651   1996 0.0152576
 197 0.108733     797 0.0560715   1397 0.0292333   1997 0.015241
 198 0.108615     798 0.0560107   1398 0.0292016   1998 0.0152245
 199 0.108498     799 0.0559499   1399 0.0291699   1999 0.015208
 200 0.10838      800 0.0558892   1400 0.0291383   2000 0.0151915
 201 0.108262     801 0.0558285   1401 0.0291067   2001 0.015175
 202 0.108145     802 0.055768    1402 0.0290751   2002 0.0151585
 203 0.108027     803 0.0557075   1403 0.0290435   2003 0.0151421
 204 0.10791      804 0.055647    1404 0.029012    2004 0.0151256
 205 0.107793     805 0.0555867   1405 0.0289805   2005 0.0151092
 206 0.107676     806 0.0555263   1406 0.0289491   2006 0.0150928
 207 0.107559     807 0.0554661   1407 0.0289177   2007 0.0150765
 208 0.107443     808 0.0554059   1408 0.0288863   2008 0.0150601
 209 0.107326     809 0.0553458   1409 0.028855    2009 0.0150438
 210 0.10721      810 0.0552858   1410 0.0288237   2010 0.0150275
 211 0.107093     811 0.0552258   1411 0.0287924   2011 0.0150111
 212 0.106977     812 0.0551659   1412 0.0287612   2012 0.0149949
 213 0.106861     813 0.055106    1413 0.02873     2013 0.0149786
 214 0.106745     814 0.0550462   1414 0.0286988   2014 0.0149623
 215 0.106629     815 0.0549865   1415 0.0286677   2015 0.0149461
 216 0.106514     816 0.0549269   1416 0.0286366   2016 0.0149299
 217 0.106398     817 0.0548673   1417 0.0286055   2017 0.0149137
 218 0.106283     818 0.0548077   1418 0.0285744   2018 0.0148975
 219 0.106167     819 0.0547483   1419 0.0285434   2019 0.0148814
 220 0.106052     820 0.0546889   1420 0.0285125   2020 0.0148652
 221 0.105937     821 0.0546295   1421 0.0284815   2021 0.0148491
 222 0.105822     822 0.0545703   1422 0.0284506   2022 0.014833
 223 0.105707     823 0.0545111   1423 0.0284198   2023 0.0148169
 224 0.105593     824 0.0544519   1424 0.0283889   2024 0.0148008
 225 0.105478     825 0.0543928   1425 0.0283581   2025 0.0147847
 226 0.105364     826 0.0543338   1426 0.0283274   2026 0.0147687
 227 0.105249     827 0.0542749   1427 0.0282966   2027 0.0147527
 228 0.105135     828 0.054216    1428 0.0282659   2028 0.0147367
 229 0.105021     829 0.0541572   1429 0.0282353   2029 0.0147207
 230 0.104907     830 0.0540984   1430 0.0282046   2030 0.0147047
 231 0.104793     831 0.0540397   1431 0.028174    2031 0.0146888
 232 0.10468      832 0.0539811   1432 0.0281435   2032 0.0146728
 233 0.104566     833 0.0539225   1433 0.0281129   2033 0.0146569
 234 0.104453     834 0.053864    1434 0.0280824   2034 0.014641
 235 0.104339     835 0.0538056   1435 0.028052    2035 0.0146251
 236 0.104226     836 0.0537472   1436 0.0280215   2036 0.0146092
 237 0.104113     837 0.0536889   1437 0.0279911   2037 0.0145934
 238 0.104        838 0.0536306   1438 0.0279608   2038 0.0145776
 239 0.103887     839 0.0535725   1439 0.0279304   2039 0.0145618
 240 0.103775     840 0.0535143   1440 0.0279001   2040 0.014546
 241 0.103662     841 0.0534563   1441 0.0278699   2041 0.0145302
 242 0.10355      842 0.0533983   1442 0.0278396   2042 0.0145144
 243 0.103437     843 0.0533403   1443 0.0278094   2043 0.0144987
 244 0.103325     844 0.0532825   1444 0.0277792   2044 0.0144829
 245 0.103213     845 0.0532247   1445 0.0277491   2045 0.0144672
 246 0.103101     846 0.0531669   1446 0.027719    2046 0.0144515
 247 0.102989     847 0.0531092   1447 0.0276889   2047 0.0144358
 248 0.102877     848 0.0530516   1448 0.0276589   2048 0.0144202
 249 0.102766     849 0.0529941   1449 0.0276289   2049 0.0144045
 250 0.102654     850 0.0529366   1450 0.0275989   2050 0.0143889
 251 0.102543     851 0.0528791   1451 0.027569    2051 0.0143733
 252 0.102432     852 0.0528218   1452 0.027539    2052 0.0143577
 253 0.10232      853 0.0527645   1453 0.0275092   2053 0.0143421
 254 0.102209     854 0.0527072   1454 0.0274793   2054 0.0143266
 255 0.102099     855 0.05265     1455 0.0274495   2055 0.014311
 256 0.101988     856 0.0525929   1456 0.0274197   2056 0.0142955
 257 0.101877     857 0.0525358   1457 0.02739     2057 0.01428
 258 0.101767     858 0.0524788   1458 0.0273603   2058 0.0142645
 259 0.101656     859 0.0524219   1459 0.0273306   2059 0.014249
 260 0.101546     860 0.052365    1460 0.0273009   2060 0.0142336
 261 0.101436     861 0.0523082   1461 0.0272713   2061 0.0142181
 262 0.101326     862 0.0522515   1462 0.0272417   2062 0.0142027
 263 0.101216     863 0.0521948   1463 0.0272122   2063 0.0141873
 264 0.101106     864 0.0521381   1464 0.0271826   2064 0.0141719
 265 0.100996     865 0.0520816   1465 0.0271531   2065 0.0141565
 266 0.100887     866 0.0520251   1466 0.0271237   2066 0.0141411
 267 0.100777     867 0.0519686   1467 0.0270943   2067 0.0141258
 268 0.100668     868 0.0519122   1468 0.0270649   2068 0.0141105
 269 0.100559     869 0.0518559   1469 0.0270355   2069 0.0140952
 270 0.10045      870 0.0517997   1470 0.0270062   2070 0.0140799
 271 0.100341     871 0.0517435   1471 0.0269769   2071 0.0140646
 272 0.100232     872 0.0516873   1472 0.0269476   2072 0.0140493
 273 0.100123     873 0.0516313   1473 0.0269184   2073 0.0140341
 274 0.100014     874 0.0515752   1474 0.0268892   2074 0.0140189
 275 0.0999058    875 0.0515193   1475 0.02686     2075 0.0140037
 276 0.0997974    876 0.0514634   1476 0.0268308   2076 0.0139885
 277 0.0996891    877 0.0514075   1477 0.0268017   2077 0.0139733
 278 0.099581     878 0.0513518   1478 0.0267727   2078 0.0139581
 279 0.0994729    879 0.0512961   1479 0.0267436   2079 0.013943
 280 0.099365     880 0.0512404   1480 0.0267146   2080 0.0139279
 281 0.0992572    881 0.0511848   1481 0.0266856   2081 0.0139128
 282 0.0991495    882 0.0511293   1482 0.0266567   2082 0.0138977
 283 0.0990419    883 0.0510738   1483 0.0266277   2083 0.0138826
 284 0.0989345    884 0.0510184   1484 0.0265988   2084 0.0138675
 285 0.0988271    885 0.050963    1485 0.02657     2085 0.0138525
 286 0.0987199    886 0.0509078   1486 0.0265412   2086 0.0138374
 287 0.0986128    887 0.0508525   1487 0.0265124   2087 0.0138224
 288 0.0985058    888 0.0507973   1488 0.0264836   2088 0.0138074
 289 0.098399     889 0.0507422   1489 0.0264549   2089 0.0137925
 290 0.0982922    890 0.0506872   1490 0.0264262   2090 0.0137775
 291 0.0981856    891 0.0506322   1491 0.0263975   2091 0.0137625
 292 0.098079     892 0.0505773   1492 0.0263689   2092 0.0137476
 293 0.0979726    893 0.0505224   1493 0.0263402   2093 0.0137327
 294 0.0978663    894 0.0504676   1494 0.0263117   2094 0.0137178
 295 0.0977601    895 0.0504128   1495 0.0262831   2095 0.0137029
 296 0.0976541    896 0.0503581   1496 0.0262546   2096 0.013688
 297 0.0975481    897 0.0503035   1497 0.0262261   2097 0.0136732
 298 0.0974423    898 0.0502489   1498 0.0261977   2098 0.0136584
 299 0.0973366    899 0.0501944   1499 0.0261692   2099 0.0136435
 300 0.097231     900 0.0501399   1500 0.0261409   2100 0.0136287
 301 0.0971255    901 0.0500855   1501 0.0261125   2101 0.013614
 302 0.0970201    902 0.0500312   1502 0.0260842   2102 0.0135992
 303 0.0969148    903 0.0499769   1503 0.0260559   2103 0.0135844
 304 0.0968097    904 0.0499227   1504 0.0260276   2104 0.0135697
 305 0.0967047    905 0.0498685   1505 0.0259994   2105 0.013555
 306 0.0965997    906 0.0498144   1506 0.0259712   2106 0.0135403
 307 0.0964949    907 0.0497604   1507 0.025943    2107 0.0135256
 308 0.0963903    908 0.0497064   1508 0.0259148   2108 0.0135109
 309 0.0962857    909 0.0496525   1509 0.0258867   2109 0.0134962
 310 0.0961812    910 0.0495986   1510 0.0258586   2110 0.0134816
 311 0.0960769    911 0.0495448   1511 0.0258306   2111 0.013467
 312 0.0959726    912 0.049491    1512 0.0258025   2112 0.0134524
 313 0.0958685    913 0.0494373   1513 0.0257746   2113 0.0134378
 314 0.0957645    914 0.0493837   1514 0.0257466   2114 0.0134232
 315 0.0956606    915 0.0493301   1515 0.0257187   2115 0.0134086
 316 0.0955568    916 0.0492766   1516 0.0256908   2116 0.0133941
 317 0.0954531    917 0.0492231   1517 0.0256629   2117 0.0133795
 318 0.0953496    918 0.0491697   1518 0.025635    2118 0.013365
 319 0.0952461    919 0.0491164   1519 0.0256072   2119 0.0133505
 320 0.0951428    920 0.0490631   1520 0.0255794   2120 0.013336
 321 0.0950396    921 0.0490099   1521 0.0255517   2121 0.0133216
 322 0.0949364    922 0.0489567   1522 0.025524    2122 0.0133071
 323 0.0948334    923 0.0489036   1523 0.0254963   2123 0.0132927
 324 0.0947306    924 0.0488505   1524 0.0254686   2124 0.0132783
 325 0.0946278    925 0.0487975   1525 0.025441    2125 0.0132639
 326 0.0945251    926 0.0487446   1526 0.0254134   2126 0.0132495
 327 0.0944226    927 0.0486917   1527 0.0253858   2127 0.0132351
 328 0.0943201    928 0.0486389   1528 0.0253583   2128 0.0132207
 329 0.0942178    929 0.0485861   1529 0.0253307   2129 0.0132064
 330 0.0941156    930 0.0485334   1530 0.0253033   2130 0.0131921
 331 0.0940135    931 0.0484807   1531 0.0252758   2131 0.0131777
 332 0.0939115    932 0.0484281   1532 0.0252484   2132 0.0131634
 333 0.0938096    933 0.0483756   1533 0.025221    2133 0.0131492
 334 0.0937078    934 0.0483231   1534 0.0251936   2134 0.0131349
 335 0.0936061    935 0.0482707   1535 0.0251663   2135 0.0131207
 336 0.0935046    936 0.0482183   1536 0.025139    2136 0.0131064
 337 0.0934031    937 0.048166    1537 0.0251117   2137 0.0130922
 338 0.0933018    938 0.0481137   1538 0.0250845   2138 0.013078
 339 0.0932006    939 0.0480615   1539 0.0250573   2139 0.0130638
 340 0.0930994    940 0.0480094   1540 0.0250301   2140 0.0130496
 341 0.0929984    941 0.0479573   1541 0.0250029   2141 0.0130355
 342 0.0928975    942 0.0479053   1542 0.0249758   2142 0.0130213
 343 0.0927967    943 0.0478533   1543 0.0249487   2143 0.0130072
 344 0.0926961    944 0.0478014   1544 0.0249216   2144 0.0129931
 345 0.0925955    945 0.0477495   1545 0.0248946   2145 0.012979
 346 0.092495     946 0.0476977   1546 0.0248676   2146 0.0129649
 347 0.0923947    947 0.047646    1547 0.0248406   2147 0.0129508
 348 0.0922944    948 0.0475943   1548 0.0248136   2148 0.0129368
 349 0.0921943    949 0.0475426   1549 0.0247867   2149 0.0129228
 350 0.0920943    950 0.047491    1550 0.0247598   2150 0.0129087
 351 0.0919944    951 0.0474395   1551 0.024733    2151 0.0128947
 352 0.0918946    952 0.0473881   1552 0.0247061   2152 0.0128807
 353 0.0917949    953 0.0473366   1553 0.0246793   2153 0.0128668
 354 0.0916953    954 0.0472853   1554 0.0246526   2154 0.0128528
 355 0.0915958    955 0.047234    1555 0.0246258   2155 0.0128389
 356 0.0914964    956 0.0471827   1556 0.0245991   2156 0.0128249
 357 0.0913971    957 0.0471315   1557 0.0245724   2157 0.012811
 358 0.091298     958 0.0470804   1558 0.0245457   2158 0.0127971
 359 0.0911989    959 0.0470293   1559 0.0245191   2159 0.0127832
 360 0.0911       960 0.0469783   1560 0.0244925   2160 0.0127694
 361 0.0910011    961 0.0469273   1561 0.0244659   2161 0.0127555
 362 0.0909024    962 0.0468764   1562 0.0244394   2162 0.0127417
 363 0.0908038    963 0.0468256   1563 0.0244129   2163 0.0127278
 364 0.0907053    964 0.0467748   1564 0.0243864   2164 0.012714
 365 0.0906069    965 0.046724    1565 0.0243599   2165 0.0127002
 366 0.0905085    966 0.0466733   1566 0.0243335   2166 0.0126865
 367 0.0904104    967 0.0466227   1567 0.0243071   2167 0.0126727
 368 0.0903123    968 0.0465721   1568 0.0242807   2168 0.012659
 369 0.0902143    969 0.0465216   1569 0.0242544   2169 0.0126452
 370 0.0901164    970 0.0464711   1570 0.0242281   2170 0.0126315
 371 0.0900186    971 0.0464207   1571 0.0242018   2171 0.0126178
 372 0.089921     972 0.0463703   1572 0.0241755   2172 0.0126041
 373 0.0898234    973 0.04632     1573 0.0241493   2173 0.0125904
 374 0.089726     974 0.0462698   1574 0.0241231   2174 0.0125768
 375 0.0896286    975 0.0462196   1575 0.0240969   2175 0.0125631
 376 0.0895314    976 0.0461694   1576 0.0240708   2176 0.0125495
 377 0.0894342    977 0.0461193   1577 0.0240447   2177 0.0125359
 378 0.0893372    978 0.0460693   1578 0.0240186   2178 0.0125223
 379 0.0892403    979 0.0460193   1579 0.0239925   2179 0.0125087
 380 0.0891435    980 0.0459694   1580 0.0239665   2180 0.0124951
 381 0.0890467    981 0.0459195   1581 0.0239405   2181 0.0124816
 382 0.0889501    982 0.0458697   1582 0.0239145   2182 0.012468
 383 0.0888536    983 0.0458199   1583 0.0238886   2183 0.0124545
 384 0.0887572    984 0.0457702   1584 0.0238627   2184 0.012441
 385 0.0886609    985 0.0457205   1585 0.0238368   2185 0.0124275
 386 0.0885647    986 0.0456709   1586 0.0238109   2186 0.012414
 387 0.0884686    987 0.0456214   1587 0.0237851   2187 0.0124005
 388 0.0883727    988 0.0455719   1588 0.0237593   2188 0.0123871
 389 0.0882768    989 0.0455224   1589 0.0237335   2189 0.0123736
 390 0.088181     990 0.0454731   1590 0.0237077   2190 0.0123602
 391 0.0880853    991 0.0454237   1591 0.023682    2191 0.0123468
 392 0.0879898    992 0.0453744   1592 0.0236563   2192 0.0123334
 393 0.0878943    993 0.0453252   1593 0.0236307   2193 0.01232
 394 0.0877989    994 0.045276    1594 0.023605    2194 0.0123067
 395 0.0877037    995 0.0452269   1595 0.0235794   2195 0.0122933
 396 0.0876085    996 0.0451778   1596 0.0235538   2196 0.01228
 397 0.0875135    997 0.0451288   1597 0.0235283   2197 0.0122667
 398 0.0874185    998 0.0450799   1598 0.0235027   2198 0.0122534
 399 0.0873237    999 0.045031    1599 0.0234772   2199 0.0122401
 400 0.0872289   1000 0.0449821   1600 0.0234518   2200 0.0122268
 401 0.0871343   1001 0.0449333   1601 0.0234263   2201 0.0122135
 402 0.0870398   1002 0.0448846   1602 0.0234009   2202 0.0122003
 403 0.0869453   1003 0.0448359   1603 0.0233755   2203 0.012187
 404 0.086851    1004 0.0447872   1604 0.0233502   2204 0.0121738
 405 0.0867568   1005 0.0447386   1605 0.0233248   2205 0.0121606
 406 0.0866627   1006 0.0446901   1606 0.0232995   2206 0.0121474
 407 0.0865686   1007 0.0446416   1607 0.0232742   2207 0.0121342
 408 0.0864747   1008 0.0445932   1608 0.023249    2208 0.05882
 409 0.0863809   1009 0.0445448   1609 0.0232238   2209 0.0588072
 410 0.0862872   1010 0.0444965   1610 0.0231986   2210 0.0587944
 411 0.0861936   1011 0.0444482   1611 0.0231734   2211 0.0587816
 412 0.0861      1012 0.0444      1612 0.0231483   2212 0.0587689
 413 0.0860066   1013 0.0443518   1613 0.0231232   2213 0.0587561
 414 0.0859133   1014 0.0443037   1614 0.0230981   2214 0.0587434
 415 0.0858201   1015 0.0442556   1615 0.023073    2215 0.0587307
 416 0.085727    1016 0.0442076   1616 0.023048    2216 0.058718
 417 0.085634    1017 0.0441596   1617 0.023023    2217 0.0587053
 418 0.0855411   1018 0.0441117   1618 0.022998    2218 0.0586926
 419 0.0854483   1019 0.0440638   1619 0.022973    2219 0.0586799
 420 0.0853556   1020 0.044016    1620 0.0229481   2220 0.0586673
 421 0.245575    1021 0.0439683   1621 0.0229232   2221 0.0586546
 422 0.245575    1022 0.0439206   1622 0.0228983   2222 0.058642
 423 0.245575    1023 0.0438729   1623 0.0228735   2223 0.0586294
 424 0.245575    1024 0.0438253   1624 0.0228487   2224 0.0586168
 425 0.245575    1025 0.0437778   1625 0.0228239   2225 0.0586042
 426 0.245575    1026 0.0437303   1626 0.0227991   2226 0.0585917
 427 0.245575    1027 0.0436828   1627 0.0227744   2227 0.0585791
 428 0.245575    1028 0.0436354   1628 0.0227497   2228 0.0585666
 429 0.245575    1029 0.0435881   1629 0.022725    2229 0.0585541
 430 0.245575    1030 0.0435408   1630 0.0227004   2230 0.0585415
 431 0.245575    1031 0.0434936   1631 0.0226757   2231 0.058529
 432 0.245575    1032 0.0434464   1632 0.0226511   2232 0.0584655
 433 0.142391    1033 0.0433993   1633 0.0226265   2233 0.0584021
 434 0.142391    1034 0.0433522   1634 0.022602    2234 0.0583387
 435 0.142391    1035 0.0433051   1635 0.0225775   2235 0.0582755
 436 0.142391    1036 0.0432581   1636 0.022553    2236 0.0582122
 437 0.142391    1037 0.0432112   1637 0.0225285   2237 0.0581491
 438 0.142391    1038 0.0431643   1638 0.0225041   2238 0.058086
 439 0.142391    1039 0.0431175   1639 0.0224797   2239 0.058023
 440 0.142391    1040 0.0430707   1640 0.0224553   2240 0.05796
 441 0.142391    1041 0.043024    1641 0.0224309   2241 0.0578971
 442 0.142391    1042 0.0429773   1642 0.0224066   2242 0.0578343
 443 0.142391    1043 0.0429307   1643 0.0223823   2243 0.0577716
 444 0.142391    1044 0.0428841   1644 0.022358    2244 0.0577089
 445 0.142391    1045 0.0428376   1645 0.0223337   2245 0.0576463
 446 0.142391    1046 0.0427911   1646 0.0223095   2246 0.0575837
 447 0.142391    1047 0.0427447   1647 0.0222853   2247 0.0575213
 448 0.142391    1048 0.0426983   1648 0.0222611   2248 0.0574589
 449 0.142391    1049 0.042652    1649 0.0222369   2249 0.0573965
 450 0.142391    1050 0.0426057   1650 0.0222128   2250 0.0573342
 451 0.142391    1051 0.0425595   1651 0.0221887   2251 0.057272
 452 0.142391    1052 0.0425133   1652 0.0221647   2252 0.0572099
 453 0.142391    1053 0.0424672   1653 0.0221406   2253 0.0571478
 454 0.142391    1054 0.0424211   1654 0.0221166   2254 0.0570858
 455 0.142391    1055 0.0423751   1655 0.0220926   2255 0.0570239
 456 0.142391    1056 0.0423291   1656 0.0220686   2256 0.056962
 457 0.103052    1057 0.0422832   1657 0.0220447   2257 0.0569002
 458 0.103052    1058 0.0422373   1658 0.0220208   2258 0.0568385
 459 0.103052    1059 0.0421915   1659 0.0219969   2259 0.0567768
 460 0.103052    1060 0.0421457   1660 0.021973    2260 0.0567152
 461 0.103052    1061 0.0421      1661 0.0219492   2261 0.0566537
 462 0.103052    1062 0.0420543   1662 0.0219253   2262 0.0565922
 463 0.103052    1063 0.0420087   1663 0.0219016   2263 0.0565308
 464 0.103052    1064 0.0419631   1664 0.0218778   2264 0.0564695
 465 0.103052    1065 0.0419176   1665 0.0218541   2265 0.0564082
 466 0.103052    1066 0.0418721   1666 0.0218304   2266 0.056347
 467 0.103052    1067 0.0418267   1667 0.0218067   2267 0.0562859
 468 0.103052    1068 0.0417813   1668 0.021783    2268 0.0562248
 469 0.103052    1069 0.041736    1669 0.0217594   2269 0.0561638
 470 0.103052    1070 0.0416907   1670 0.0217358   2270 0.0561029
 471 0.103052    1071 0.0416454   1671 0.0217122   2271 0.056042
 472 0.103052    1072 0.0416003   1672 0.0216886   2272 0.0559812
 473 0.103052    1073 0.0415551   1673 0.0216651   2273 0.0559205
 474 0.103052    1074 0.04151     1674 0.0216416   2274 0.0558598
 475 0.103052    1075 0.041465    1675 0.0216181   2275 0.0557992
 476 0.103052    1076 0.04142     1676 0.0215947   2276 0.0557437
 477 0.103052    1077 0.0413751   1677 0.0215712   2277 0.0556879
 478 0.103052    1078 0.0413302   1678 0.0215478   2278 0.0556322
 479 0.103052    1079 0.0412854   1679 0.0215244   2279 0.0555766
 480 0.103052    1080 0.0412406   1680 0.0215011   2280 0.0554981
 481 0.0872589   1081 0.0411958   1681 0.0214778   2281 0.055437
 482 0.0872589   1082 0.0411511   1682 0.0214545   2282 0.0553768
 483 0.0872589   1083 0.0411065   1683 0.0214312   2283 0.0553167
 484 0.0872589   1084 0.0410619   1684 0.0214079   2284 0.0552567
 485 0.0872589   1085 0.0410173   1685 0.0213847   2285 0.0551968
 486 0.0872589   1086 0.0409728   1686 0.0213615   2286 0.0551369
 487 0.0872589   1087 0.0409284   1687 0.0213383   2287 0.0550771
 488 0.0872589   1088 0.040884    1688 0.0213152   2288 0.0550173
 489 0.0872589   1089 0.0408396   1689 0.0212921   2289 0.0549576
 490 0.0872589   1090 0.0407953   1690 0.021269    2290 0.054898
 491 0.0872589   1091 0.040751    1691 0.0212459   2291 0.0548384
 492 0.0872589   1092 0.0407068   1692 0.0212228   2292 0.0547789
 493 0.0872589   1093 0.0406627   1693 0.0211998   2293 0.0547195
 494 0.0872589   1094 0.0406185   1694 0.0211768   2294 0.0546601
 495 0.0872589   1095 0.0405745   1695 0.0211538   2295 0.0546008
 496 0.0872589   1096 0.0405305   1696 0.0211309   2296 0.0545416
 497 0.0872589   1097 0.0404865   1697 0.021108    2297 0.0544824
 498 0.0872589   1098 0.0404426   1698 0.0210851   2298 0.0544233
 499 0.0872589   1099 0.0403987   1699 0.0210622   2299 0.0543643
 500 0.0872589   1100 0.0403549   1700 0.0210393   2300 0.0543053
 501 0.0872589   1101 0.0403111   1701 0.0210165   2301 0.0542464
 502 0.0872589   1102 0.0402673   1702 0.0209937   2302 0.0541875
 503 0.0872589   1103 0.0402236   1703 0.0209709   2303 0.0541287
 504 0.0872589   1104 0.04018     1704 0.0209482   2304 0.05407
 505 0.080171    1105 0.0401364   1705 0.0209254   2305 0.0540113
 506 0.080171    1106 0.0400929   1706 0.0209027   2306 0.0539527
 507 0.080171    1107 0.0400494   1707 0.0208801   2307 0.0538942
 508 0.080171    1108 0.0400059   1708 0.0208574   2308 0.0538357
 509 0.080171    1109 0.0399625   1709 0.0208348   2309 0.0537773
 510 0.080171    1110 0.0399192   1710 0.0208122   2310 0.053719
 511 0.080171    1111 0.0398758   1711 0.0207896   2311 0.0536607
 512 0.080171    1112 0.0398326   1712 0.020767    2312 0.0536025
 513 0.080171    1113 0.0397894   1713 0.0207445   2313 0.0535443
 514 0.080171    1114 0.0397462   1714 0.020722    2314 0.0534862
 515 0.080171    1115 0.0397031   1715 0.0206995   2315 0.0534282
 516 0.080171    1116 0.03966     1716 0.0206771   2316 0.0533702
 517 0.080171    1117 0.039617    1717 0.0206546   2317 0.0533123
 518 0.080171    1118 0.039574    1718 0.0206322   2318 0.0532545
 519 0.080171    1119 0.0395311   1719 0.0206098   2319 0.0531967
 520 0.080171    1120 0.0394882   1720 0.0205875   2320 0.053139
 521 0.080171    1121 0.0394453   1721 0.0205651   2321 0.0530813
 522 0.080171    1122 0.0394025   1722 0.0205428   2322 0.0530237
 523 0.080171    1123 0.0393598   1723 0.0205205   2323 0.0529662
 524 0.080171    1124 0.0393171   1724 0.0204983   2324 0.0529088
 525 0.080171    1125 0.0392744   1725 0.020476    2325 0.0528513
 526 0.080171    1126 0.0392318   1726 0.0204538   2326 0.052794
 527 0.080171    1127 0.0391892   1727 0.0204316   2327 0.0527367
 528 0.080171    1128 0.0391467   1728 0.0204095   2328 0.0526795
 529 0.0763218   1129 0.0391043   1729 0.0203873   2329 0.0526224
 530 0.0763218   1130 0.0390618   1730 0.0203652   2330 0.0525653
 531 0.0763218   1131 0.0390194   1731 0.0203431   2331 0.0525082
 532 0.0763218   1132 0.0389771   1732 0.020321    2332 0.0524513
 533 0.0763218   1133 0.0389348   1733 0.020299    2333 0.0523944
 534 0.0763218   1134 0.0388926   1734 0.020277    2334 0.0523375
 535 0.0763218   1135 0.0388504   1735 0.020255    2335 0.0522807
 536 0.0763218   1136 0.0388082   1736 0.020233    2336 0.052224
 537 0.0763218   1137 0.0387661   1737 0.020211    2337 0.0521674
 538 0.0763218   1138 0.0387241   1738 0.0201891   2338 0.0521108
 539 0.0763218   1139 0.0386821   1739 0.0201672   2339 0.0520542
 540 0.0763218   1140 0.0386401   1740 0.0201453   2340 0.0519977
 541 0.0763218   1141 0.0385982   1741 0.0201235   2341 0.0519413
 542 0.0763218   1142 0.0385563   1742 0.0201017   2342 0.051885
 543 0.0763218   1143 0.0385145   1743 0.0200798   2343 0.0518287
 544 0.0763218   1144 0.0384727   1744 0.0200581   2344 0.0517724
 545 0.0763218   1145 0.0384309   1745 0.0200363   2345 0.0517163
 546 0.0763218   1146 0.0383892   1746 0.0200146   2346 0.0516602
 547 0.0763218   1147 0.0383476   1747 0.0199929   2347 0.0516041
 548 0.0763218   1148 0.038306    1748 0.0199712   2348 0.0515481
 549 0.0763218   1149 0.0382644   1749 0.0199495   2349 0.0514922
 550 0.0763218   1150 0.0382229   1750 0.0199279   2350 0.0566317
 551 0.0763218   1151 0.0381814   1751 0.0199062   2351 0.0662144
 552 0.0763218   1152 0.03814     1752 0.0198846   2352 0.0662144
 553 0.0737628   1153 0.0380986   1753 0.019863    2353 0.053142
 554 0.0737628   1154 0.0380573   1754 0.0198415   2354 0.053142
 555 0.0737628   1155 0.038016    1755 0.01982     2355 0.053142
 556 0.0737628   1156 0.0379748   1756 0.0197984   2356 0.053142
 557 0.0737628   1157 0.0379336   1757 0.019777    2357 0.053142
 558 0.0737628   1158 0.0378924   1758 0.0197555   2358 0.053142
 559 0.0737628   1159 0.0378513   1759 0.0197341   2359 0.053142
 560 0.0737628   1160 0.0378102   1760 0.0197127   2360 0.053142
 561 0.0737628   1161 0.0377692   1761 0.0196913   2361 0.053142
 562 0.0737628   1162 0.0377282   1762 0.0196699   2362 0.053142
 563 0.0737628   1163 0.0376873   1763 0.0196486   2363 0.053142
 564 0.0737628   1164 0.0376464   1764 0.0196273   2364 0.053142
 565 0.0737628   1165 0.0376056   1765 0.019606    2365 0.053142
 566 0.0737628   1166 0.0375648   1766 0.0195847   2366 0.053142
 567 0.0737628   1167 0.037524    1767 0.0195634   2367 0.053142
 568 0.0737628   1168 0.0374833   1768 0.0195422   2368 0.053142
 569 0.0737628   1169 0.0374426   1769 0.019521    2369 0.053142
 570 0.0737628   1170 0.037402    1770 0.0194998   2370 0.053142
 571 0.0737628   1171 0.0373614   1771 0.0194787   2371 0.053142
 572 0.0737628   1172 0.0373209   1772 0.0194575   2372 0.053142
 573 0.0737628   1173 0.0372804   1773 0.0194364   2373 0.053142
 574 0.0737628   1174 0.03724     1774 0.0194153   2374 0.053142
 575 0.0737628   1175 0.0371996   1775 0.0193943   2375 0.053142
 576 0.0712739   1176 0.0371592   1776 0.0193732   2376 0.053142
 577 0.0711965   1177 0.0371189   1777 0.0193522   2377 0.0499311
 578 0.0711193   1178 0.0370786   1778 0.0193312   2378 0.0499311
 579 0.0710421   1179 0.0370384   1779 0.0193103   2379 0.0499311
 580 0.0709651   1180 0.0369982   1780 0.0192893   2380 0.0499311
 581 0.0708881   1181 0.0369581   1781 0.0192684   2381 0.0499311
 582 0.0708112   1182 0.036918    1782 0.0192475   2382 0.0499311
 583 0.0707343   1183 0.0368779   1783 0.0192266   2383 0.0499311
 584 0.0706576   1184 0.0368379   1784 0.0192057   2384 0.0499311
 585 0.0705809   1185 0.0367979   1785 0.0191849   2385 0.0499311
 586 0.0705044   1186 0.036758    1786 0.0191641   2386 0.0499311
 587 0.0704279   1187 0.0367181   1787 0.0191433   2387 0.0499311
 588 0.0703514   1188 0.0366783   1788 0.0191225   2388 0.0499311
 589 0.0702751   1189 0.0366385   1789 0.0191018   2389 0.0499311
 590 0.0701989   1190 0.0365987   1790 0.019081    2390 0.0499311
 591 0.0701227   1191 0.036559    1791 0.0190603   2391 0.0499311
 592 0.0700466   1192 0.0365194   1792 0.0190397   2392 0.0499311
 593 0.0699706   1193 0.0364797   1793 0.019019    2393 0.0499311
 594 0.0698947   1194 0.0364402   1794 0.0189984   2394 0.0499311
 595 0.0698189   1195 0.0364006   1795 0.0189778   2395 0.0499311
 596 0.0697431   1196 0.0363611   1796 0.0189572   2396 0.0499311
 597 0.0696675   1197 0.0363217   1797 0.0189366   2397 0.0499311
 598 0.0695919   1198 0.0362823   1798 0.0189161   2398 0.0499311
 599 0.0695164   1199 0.0362429   1799 0.0188955   2399 0.0499311
 600 0.069441    1200 0.0362036   1800 0.018875    2400 0.0499311
;