Explored 15342659 nodes (631721360 simplex iterations) in 30000.01 seconds
Thread count was 12 (of 12 available processors)

Solution count 10: 299.846 299.843 299.821 ... 298.263

Time limit reached
Best objective 2.998456406206e+02, best bound 3.435256697387e+02, gap 14.5675%
Gurobi 9.1.2: time limit with a feasible solution; objective 299.8456406
631721360 simplex iterations
15342659 branch-and-cut nodes
No basis.
No dual variables returned.
2 integer variables rounded to integers; maxerr = 5.93095e-06
#Total		0.036522
#execute	0.008046	54448		17213160
profit = 299.846

### final_model.run:14(300)   display ...
#execute	0.000406	4104		17217264
q [*] :=
  1 0.152895     97 0.5608      193 0.218046    289 0.135509    385 0.101943
  2 0.152729     98 0.5608      194 0.218046    290 0.135509    386 0.101943
  3 0.152564     99 0.5608      195 0.218046    291 0.135509    387 0.101943
  4 0.152398    100 0.5608      196 0.218046    292 0.135509    388 0.101943
  5 0.152233    101 0.5608      197 0.218046    293 0.135509    389 0.101943
  6 0.152068    102 0.5608      198 0.218046    294 0.135509    390 0.101943
  7 0.151903    103 0.5608      199 0.218046    295 0.135509    391 0.101943
  8 0.151738    104 0.5608      200 0.218046    296 0.135509    392 0.101943
  9 0.151573    105 0.5608      201 0.218046    297 0.135509    393 0.101943
 10 0.765209    106 0.5608      202 0.218046    298 0.135509    394 0.101943
 11 0.967272    107 0.5608      203 0.218046    299 0.135509    395 0.101943
 12 0.966938    108 0.5608      204 0.218046    300 0.135509    396 0.101943
 13 0.966604    109 0.5608      205 0.218046    301 0.135509    397 0.101943
 14 0.96627     110 0.5608      206 0.218046    302 0.135509    398 0.101943
 15 0.965937    111 0.5608      207 0.218046    303 0.135509    399 0.101943
 16 0.965604    112 0.5608      208 0.218046    304 0.135509    400 0.101943
 17 0.965271    113 0.5608      209 0.218046    305 0.135509    401 0.101943
 18 0.964939    114 0.5608      210 0.218046    306 0.135509    402 0.101943
 19 0.964607    115 0.5608      211 0.218046    307 0.135509    403 0.101943
 20 0.964276    116 0.5608      212 0.218046    308 0.135509    404 0.101943
 21 0.963944    117 0.5608      213 0.218046    309 0.135509    405 0.101943
 22 0.963614    118 0.5608      214 0.218046    310 0.135509    406 0.101943
 23 0.963283    119 0.5608      215 0.218046    311 0.135509    407 0.101943
 24 0.962953    120 0.5608      216 0.218046    312 0.135509    408 0.101943
 25 0.83        121 0.419226    217 0.186485    313 0.126627    409 0.0982926
 26 0.75        122 0.419226    218 0.186485    314 0.126627    410 0.0982926
 27 0.64        123 0.419226    219 0.186485    315 0.126627    411 0.0982926
 28 0.7         124 0.419226    220 0.186485    316 0.126627    412 0.0982926
 29 0.64        125 0.419226    221 0.186485    317 0.126627    413 0.0982926
 30 0.7         126 0.419226    222 0.186485    318 0.126627    414 0.0982926
 31 0.83        127 0.419226    223 0.186485    319 0.126627    415 0.0982926
 32 0.960667    128 0.419226    224 0.186485    320 0.126627    416 0.0979523
 33 0.96034     129 0.419226    225 0.186485    321 0.126627    417 0.0982926
 34 0.960013    130 0.419226    226 0.186485    322 0.126627    418 0.0982926
 35 0.959687    131 0.419226    227 0.186485    323 0.126627    419 0.0982926
 36 0.959361    132 0.419226    228 0.186485    324 0.126627    420 0.098232
 37 0.959035    133 0.419226    229 0.186485    325 0.126627    421 0.0982926
 38 0.958709    134 0.419226    230 0.186485    326 0.126627    422 0.0982926
 39 0.958384    135 0.419226    231 0.186485    327 0.126627    423 0.0982926
 40 0.958059    136 0.419226    232 0.186485    328 0.126627    424 0.0982926
 41 0.957735    137 0.419226    233 0.186485    329 0.126627    425 0.0982926
 42 0.957411    138 0.419226    234 0.186485    330 0.126627    426 0.0982926
 43 0.957087    139 0.419226    235 0.186485    331 0.126627    427 0.0982926
 44 0.956764    140 0.419226    236 0.186485    332 0.126627    428 0.0982926
 45 0.956441    141 0.419226    237 0.186485    333 0.126627    429 0.0982926
 46 0.956118    142 0.419226    238 0.186485    334 0.126627    430 0.0982926
 47 0.955796    143 0.419226    239 0.186485    335 0.126627    431 0.0982926
 48 0.955474    144 0.419226    240 0.186485    336 0.105492    432 0.0982926
 49 0.83        145 0.326751    241 0.163949    337 0.105378    433 0.0954026
 50 0.75        146 0.326751    242 0.163949    338 0.105263    434 0.0954026
 51 0.64        147 0.326751    243 0.163949    339 0.105149    435 0.0954026
 52 0.7         148 0.326751    244 0.163949    340 0.105035    436 0.0954026
 53 0.64        149 0.326751    245 0.163949    341 0.104921    437 0.0954026
 54 0.7         150 0.326751    246 0.163949    342 0.104807    438 0.0954026
 55 0.83        151 0.326751    247 0.163949    343 0.104694    439 0.0954026
 56 0.953242    152 0.326751    248 0.163949    344 0.10458     440 0.0954032
 57 0.952923    153 0.326751    249 0.163949    345 0.104467    441 0.0954029
 58 0.952604    154 0.326751    250 0.163949    346 0.104353    442 0.0954026
 59 0.952286    155 0.326751    251 0.163949    347 0.10424     443 0.0954026
 60 0.951967    156 0.326751    252 0.163949    348 0.104127    444 0.0954026
 61 0.95165     157 0.326751    253 0.163949    349 0.104014    445 0.0954026
 62 0.951332    158 0.326751    254 0.163949    350 0.103901    446 0.0954026
 63 0.951015    159 0.326751    255 0.163949    351 0.103788    447 0.0954026
 64 0.950698    160 0.326751    256 0.163949    352 0.103676    448 0.0954026
 65 0.950382    161 0.326751    257 0.163949    353 0.118059    449 0.0954026
 66 0.950066    162 0.326751    258 0.163949    354 0.118059    450 0.0950025
 67 0.94975     163 0.326751    259 0.163949    355 0.118059    451 0.0954026
 68 0.949435    164 0.326751    260 0.163949    356 0.118059    452 0.0954026
 69 0.94912     165 0.326751    261 0.163949    357 0.118059    453 0.0954026
 70 0.948805    166 0.326751    262 0.163949    358 0.118059    454 0.0954026
 71 0.948491    167 0.326751    263 0.163949    359 0.118059    455 0.0954026
 72 0.948177    168 0.326751    264 0.163949    360 0.118059    456 0.0954026
 73 0.766948    169 0.262778    265 0.147602    361 0.107487    457 0.0928811
 74 0.75        170 0.262778    266 0.147602    362 0.107487    458 0.0928811
 75 0.64        171 0.262778    267 0.147602    363 0.107487    459 0.0928811
 76 0.7         172 0.262778    268 0.147602    364 0.107487    460 0.0927828
 77 0.64        173 0.262778    269 0.147602    365 0.107487    461 0.0924882
 78 0.7         174 0.262778    270 0.147602    366 0.107487    462 0.0928811
 79 0.766948    175 0.262778    271 0.147602    367 0.107487    463 0.0928811
 80 0.766948    176 0.262778    272 0.147602    368 0.107487    464 0.0928811
 81 0.766948    177 0.262778    273 0.147602    369 0.107487    465 0.0927828
 82 0.766948    178 0.262778    274 0.147602    370 0.107487    466 0.0927828
 83 0.766948    179 0.262778    275 0.147602    371 0.107487    467 0.0928811
 84 0.766948    180 0.262778    276 0.147602    372 0.107487    468 0.0928811
 85 0.766948    181 0.262778    277 0.147602    373 0.107487    469 0.0928811
 86 0.766948    182 0.262778    278 0.147602    374 0.107487    470 0.0928811
 87 0.766948    183 0.262778    279 0.147602    375 0.107487    471 0.0928811
 88 0.766948    184 0.262778    280 0.147602    376 0.107487    472 0.0928811
 89 0.766948    185 0.262778    281 0.147602    377 0.107487    473 0.0928811
 90 0.766948    186 0.262778    282 0.147602    378 0.107487    474 0.0928811
 91 0.766948    187 0.262778    283 0.147602    379 0.107487    475 0.0928811
 92 0.766948    188 0.262778    284 0.147602    380 0.107487    476 0.0928811
 93 0.766948    189 0.262778    285 0.147602    381 0.107487    477 0.0928811
 94 0.766948    190 0.262778    286 0.147602    382 0.107487    478 0.0928811
 95 0.766948    191 0.262778    287 0.147602    383 0.107487    479 0.0928811
 96 0.766948    192 0.262778    288 0.147602    384 0.107487    480 0.0928811
;

### final_model.run:17(342)   display ...
#execute	0.000271	4104		17221368
bla [*] :=
  1  0             121  0.044017      241  0.00681208    361  0.000712244
  2  0             122  0.0440453     242  0.00683226    362  0.000728766
  3 -7.50432e-10   123  0.0440736     243  0.00685243    363  0.000745274
  4  0             124  0.0441019     244  0.00687258    364  0.000761768
  5  0             125  0.0441301     245  0.00689271    365  0.000778247
  6  0             126  0.0441583     246  0.00691282    366  0.000794711
  7  0             127  0.0441865     247  0.00693292    367  0.000811161
  8  0             128  0.0442147     248  0.006953      368  0.000827597
  9  0             129  0.0442428     249  0.00697306    369  0.000844018
 10  0.0902475     130  0.0442709     250  0.00699311    370  0.000860425
 11  0.12          131  0.044299      251  0.00701313    371  0.000876818
 12  0.12          132  0.0443271     252  0.00703314    372  0.000893196
 13  0.12          133  0.0443551     253  0.00705313    373  0.000909528
 14  0.12          134  0.0443831     254  0.00707311    374  0.000925909
 15  0.12          135  0.0444111     255  0.00709306    375  0.000942244
 16  0.12          136  0.0444391     256  0.007113      376  0.000958565
 17  0.12          137  0.044467      257  0.00713292    377  0.000974872
 18  0.12          138  0.0444949     258  0.00715283    378  0.000991164
 19  0.12          139  0.0445228     259  0.00717271    379  0.00100744
 20  0.12          140  0.0445507     260  0.00719258    380  0.00102371
 21  0.12          141  0.0445786     261  0.00721243    381  0.00103995
 22  0.12          142  0.0446064     262  0.00723227    382  0.00105619
 23  0.12          143  0.0446342     263  0.00725208    383  0.00107241
 24  0.12          144  0.0422943     264  0.00727188    384  0.00108862
 25  0.1005        145  0.0287164     265  0.00488821    385  0.000289616
 26  0.0887822     146  0.0287323     266  0.00490747    386  0.000305624
 27  0.0726507     147  0.0287482     267  0.00492672    387  0.000321618
 28  0.0815109     148  0.0287641     268  0.00494595    388  0.000337598
 29  0.0727293     149  0.0287799     269  0.00496516    389  0.000353565
 30  0.0815896     150  0.0287958     270  0.00498436    390  0.000369517
 31  0.100744      151  0.0288116     271  0.00500354    391  0.000385455
 32  0.12          152  0.0288274     272  0.0050227     392  0.000401379
 33  0.12          153  0.0288432     273  0.00504184    393  0.000417289
 34  0.12          154  0.028859      274  0.00506097    394  0.000433186
 35  0.12          155  0.0288747     275  0.00508008    395  0.000449068
 36  0.12          156  0.0288905     276  0.00509918    396  0.000464936
 37  0.12          157  0.0289062     277  0.00511826    397  0.000480791
 38  0.12          158  0.0289219     278  0.00513732    398  0.000496632
 39  0.12          159  0.0289376     279  0.00515636    399  0.000512459
 40  0.12          160  0.0289533     280  0.00517539    400  0.000528271
 41  0.12          161  0.0289689     281  0.0051944     401  0.000544071
 42  0.12          162  0.0289846     282  0.0052134     402  0.000559856
 43  0.12          163  0.0290002     283  0.00523237    403  0.000575627
 44  0.12          164  0.0290158     284  0.00525133    404  0.000591385
 45  0.12          165  0.0290314     285  0.00527028    405  0.000607129
 46  0.12          166  0.029047      286  0.00528921    406  0.000622859
 47  0.12          167  0.0290626     287  0.00530812    407  0.000638575
 48  0.12          168  0.0290892     288  0.00532701    408  0.000654277
 49  0.101599      169  0.0197099     289  0.00356783    409  0.000133271
 50  0.0898797     170  0.0197345     290  0.00358632    410  0.000148833
 51  0.0737472     171  0.0197592     291  0.00360479    411  0.000164383
 52  0.0826065     172  0.0197838     292  0.00362325    412  0.000179918
 53  0.073824      173  0.0198084     293  0.00364169    413  0.00019544
 54  0.0826832     174  0.0198329     294  0.00366012    414  0.000210949
 55  0.101836      175  0.0198575     295  0.00367853    415  0.000226443
 56  0.12          176  0.019882      296  0.00369692    416  0.000191889
 57  0.12          177  0.0199065     297  0.0037153     417  0.000257382
 58  0.12          178  0.019931      298  0.00373366    418  0.000272836
 59  0.12          179  0.0199554     299  0.00375201    419  0.000288277
 60  0.12          180  0.0199799     300  0.00377034    420  0.000294785
 61  0.12          181  0.0200043     301  0.00378865    421  0.000319115
 62  0.12          182  0.0200287     302  0.00380695    422  0.000334515
 63  0.12          183  0.020053      303  0.00382523    423  0.000349902
 64  0.12          184  0.0200774     304  0.00384349    424  0.000365275
 65  0.12          185  0.0201017     305  0.00386174    425  0.000380635
 66  0.12          186  0.020126      306  0.00387997    426  0.000395981
 67  0.12          187  0.0201503     307  0.00389819    427  0.000411313
 68  0.12          188  0.0201746     308  0.00391639    428  0.000426633
 69  0.12          189  0.0201988     309  0.00393458    429  0.000441938
 70  0.12          190  0.020223      310  0.00395275    430  0.000457231
 71  0.12          191  0.0202472     311  0.0039709     431  0.00047251
 72  0.12          192  0.0202714     312  0.00398904    432  0.000487776
 73  0.0934        193  0.0137186     313  0.00270127    433  7.81085e-05
 74  0.0909486     194  0.0137414     314  0.0027191     434  9.32587e-05
 75  0.0748152     195  0.0137641     315  0.00273692    435  0.000108396
 76  0.0836736     196  0.0137868     316  0.00275472    436  0.000123519
 77  0.0748901     197  0.0138095     317  0.0027725     437  0.00013863
 78  0.0837484     198  0.0138322     318  0.00279027    438  0.000153727
 79  0.0936302     199  0.0138549     319  0.00280803    439  0.000168811
 80  0.0936705     200  0.0138775     320  0.00282577    440  0.000183968
 81  0.0937107     201  0.0139002     321  0.00284349    441  0.000198984
 82  0.093751      202  0.0139228     322  0.0028612     442  0.000213983
 83  0.0937912     203  0.0139454     323  0.00287889    443  0.000229014
 84  0.0938314     204  0.0139679     324  0.00289657    444  0.000244032
 85  0.0938715     205  0.0139905     325  0.00291423    445  0.000259037
 86  0.0939116     206  0.014013      326  0.00293188    446  0.000274029
 87  0.0939517     207  0.0140355     327  0.00294951    447  0.000289007
 88  0.0939917     208  0.014058      328  0.00296713    448  0.000303973
 89  0.0940317     209  0.0140804     329  0.00298473    449  0.000318925
 90  0.0940717     210  0.0141029     330  0.00300231    450  0.000275043
 91  0.0941116     211  0.0141253     331  0.00301988    451  0.000348778
 92  0.0941515     212  0.0141477     332  0.00303743    452  0.000363691
 93  0.0941913     213  0.0141701     333  0.00305497    453  0.000378591
 94  0.0942312     214  0.0141925     334  0.0030725     454  0.000393478
 95  0.094271      215  0.0142148     335  0.00309       455  0.000408352
 96  0.0943107     216  0.0142372     336  0             456  0.000423213
 97  0.0640403     217  0.00961909    337  0             457  6.73178e-05
 98  0.0640736     218  0.00964041    338  0             458  8.20752e-05
 99  0.0641069     219  0.00966171    339  0             459  9.68196e-05
100  0.0641402     220  0.00968299    340  0             460  9.71057e-05
101  0.0641735     221  0.00970426    341  0             461  6.85032e-05
102  0.0642067     222  0.0097255     342  0             462  0.00014096
103  0.06424       223  0.00974673    343  0             463  0.000155653
104  0.0642731     224  0.00976794    344  0             464  0.000170333
105  0.0643063     225  0.00978913    345  0             465  0.000170555
106  0.0643394     226  0.0098103     346  0             466  0.000185207
107  0.0643725     227  0.00983146    347  0             467  0.00021429
108  0.0644056     228  0.00985259    348  0             468  0.000228919
109  0.0644386     229  0.00987371    349  0             469  0.000243535
110  0.0644716     230  0.0098948     350  0             470  0.000258138
111  0.0645046     231  0.00991588    351  0             471  0.000272728
112  0.0645375     232  0.00993694    352  0             472  0.000287305
113  0.0645704     233  0.00995799    353  0.00213137    473  0.00030187
114  0.0646033     234  0.00997901    354  0.00214833    474  0.000316422
115  0.0646362     235  0.01          355  0.00216528    475  0.000330961
116  0.064669      236  0.010021      356  0.00218222    476  0.000345487
117  0.0647018     237  0.010042      357  0.00219914    477  0.000360001
118  0.0647346     238  0.0100629     358  0.00221605    478  0.000374502
119  0.0647673     239  0.0100839     359  0.00223294    479  0.00038899
120  0.0648        240  0.0101048     360  0.00224981    480  0.000403466
;

### final_model.run:18(353)   display ...
#execute	0.000214	0		17221368
chi [*,*] (tr)
:  Cooling_System OPS Oil Winding    :=
0         0         0   0     0
1         0         0   0     0
2         0         0   0     0
3         0         0   0     0
4         0         0   0     0
5         0         0   0     0
6         0         0   1     0
7         0         0   0     0
8         0         0   0     0
9         0         0   0     0
10        0         0   0     0
11        0         0   0     0
12        0         0   0     0
13        0         0   0     0
14        0         0   0     0
15        0         0   0     0
16        0         0   0     0
17        0         0   0     0
18        0         0   0     0
19        0         0   0     0
20        0         0   0     0
;
