
Cutting planes:
  Gomory: 7
  Implied bound: 623
  Clique: 17
  MIR: 455
  Flow cover: 14
  RLT: 122
  Relax-and-lift: 2140

Explored 268588 nodes (181060662 simplex iterations) in 30000.04 seconds
Thread count was 12 (of 12 available processors)

Solution count 10: 554.572 554.44 554.38 ... 514.509

Time limit reached
Best objective 5.545721532211e+02, best bound 5.018580084987e+03, gap 804.9463%
Gurobi 9.1.2: time limit with a feasible solution; objective 554.5721532
181060662 simplex iterations
268588 branch-and-cut nodes
No basis.
No dual variables returned.
33 integer variables rounded to integers; maxerr = 3.04682e-08
#Total		0.1886
#execute	0.006891	483568		89781584
profit = 554.572

### final_model.run:14(300)   display ...
#execute	6.9e-05		4104		89785688
q [*] :=
   1 0.152895     601 0.123015    1201 0.147551    1801 0.174047
   2 0.152729     602 0.122881    1202 0.147391    1802 0.174047
   3 0.152564     603 0.122748    1203 0.147231    1803 0.174047
   4 0.152398     604 0.122615    1204 0.147072    1804 0.174047
   5 0.152233     605 0.122482    1205 0.146912    1805 0.174047
   6 0.152068     606 0.122349    1206 0.146753    1806 0.174047
   7 0.151903     607 0.122216    1207 0.146593    1807 0.174047
   8 0.151738     608 0.122084    1208 0.146434    1808 0.174047
   9 0.151573     609 0.121951    1209 0.146275    1809 0.174047
  10 0.151409     610 0.121819    1210 0.146117    1810 0.174047
  11 0.151244     611 0.121687    1211 0.145958    1811 0.174047
  12 0.15108      612 0.121555    1212 0.1458      1812 0.174047
  13 0.150916     613 0.121423    1213 0.145642    1813 0.174047
  14 0.150753     614 0.121291    1214 0.145484    1814 0.174047
  15 0.150589     615 0.121159    1215 0.145326    1815 0.174047
  16 0.150426     616 0.121028    1216 0.145168    1816 0.174047
  17 0.150263     617 0.120897    1217 0.145011    1817 0.174047
  18 0.1501       618 0.120766    1218 0.144853    1818 0.174047
  19 0.149937     619 0.120635    1219 0.144696    1819 0.174047
  20 0.149774     620 0.120504    1220 0.144539    1820 0.174047
  21 0.149611     621 0.120373    1221 0.144382    1821 0.174047
  22 0.149449     622 0.120242    1222 0.144226    1822 0.174047
  23 0.149287     623 0.120112    1223 0.144069    1823 0.174047
  24 0.149125     624 0.119982    1224 0.143913    1824 0.174047
  25 0.148963     625 0.119851    1225 0.143757    1825 0.147703
  26 0.148802     626 0.119721    1226 0.143601    1826 0.147703
  27 0.14864      627 0.119591    1227 0.143445    1827 0.147703
  28 0.148479     628 0.119462    1228 0.143289    1828 0.147703
  29 0.148318     629 0.119332    1229 0.143134    1829 0.147703
  30 0.148157     630 0.119203    1230 0.142979    1830 0.147703
  31 0.147996     631 0.119073    1231 0.142824    1831 0.147703
  32 0.147836     632 0.118944    1232 0.142669    1832 0.147703
  33 0.147675     633 0.118815    1233 0.142514    1833 0.147703
  34 0.147515     634 0.118686    1234 0.142359    1834 0.147703
  35 0.147355     635 0.118557    1235 0.142205    1835 0.147703
  36 0.147195     636 0.118429    1236 0.14205     1836 0.147703
  37 0.147035     637 0.1183      1237 0.141896    1837 0.147703
  38 0.146876     638 0.118172    1238 0.141742    1838 0.147703
  39 0.146717     639 0.118044    1239 0.141589    1839 0.147703
  40 0.146557     640 0.117916    1240 0.141435    1840 0.147703
  41 0.146398     641 0.117788    1241 0.141281    1841 0.147703
  42 0.14624      642 0.11766     1242 0.141128    1842 0.147703
  43 0.146081     643 0.117532    1243 0.140975    1843 0.147703
  44 0.145922     644 0.117405    1244 0.140822    1844 0.147703
  45 0.145764     645 0.117277    1245 0.140669    1845 0.147703
  46 0.145606     646 0.11715     1246 0.140517    1846 0.147703
  47 0.145448     647 0.117023    1247 0.140364    1847 0.147703
  48 0.14529      648 0.116896    1248 0.140212    1848 0.142996
  49 0.145132     649 0.116769    1249 0.14006     1849 0.142955
  50 0.144975     650 0.116643    1250 0.139908    1850 0.142914
  51 0.144818     651 0.116516    1251 0.139756    1851 0.142873
  52 0.144661     652 0.11639     1252 0.139605    1852 0.142832
  53 0.144504     653 0.116263    1253 0.139453    1853 0.142792
  54 0.144347     654 0.116137    1254 0.139302    1854 0.142751
  55 0.14419      655 0.116011    1255 0.139151    1855 0.14271
  56 0.144034     656 0.115885    1256 0.139       1856 0.14267
  57 0.143878     657 0.11576     1257 0.138849    1857 0.142629
  58 0.143721     658 0.115634    1258 0.138698    1858 0.142588
  59 0.143566     659 0.115509    1259 0.138548    1859 0.142548
  60 0.14341      660 0.115383    1260 0.138397    1860 0.142507
  61 0.143254     661 0.115258    1261 0.138247    1861 0.142467
  62 0.143099     662 0.115133    1262 0.138097    1862 0.142426
  63 0.142944     663 0.115008    1263 0.137947    1863 0.142386
  64 0.142788     664 0.114883    1264 0.137798    1864 0.142346
  65 0.142634     665 0.114759    1265 0.137648    1865 0.142305
  66 0.142479     666 0.114634    1266 0.137499    1866 0.142265
  67 0.142324     667 0.11451     1267 0.13735     1867 0.142225
  68 0.14217      668 0.114386    1268 0.137201    1868 0.142185
  69 0.142016     669 0.114261    1269 0.137052    1869 0.142145
  70 0.141861     670 0.114137    1270 0.136903    1870 0.142104
  71 0.141708     671 0.114014    1271 0.136755    1871 0.142064
  72 0.141554     672 0.11389     1272 0.136606    1872 0.14191
  73 0.1414       673 0.113766    1273 0.136458    1873 0.141756
  74 0.141247     674 0.113643    1274 0.13631     1874 0.141602
  75 0.141094     675 0.11352     1275 0.136162    1875 0.141449
  76 0.14094      676 0.113396    1276 0.136014    1876 0.141295
  77 0.140788     677 0.113273    1277 0.135867    1877 0.141142
  78 0.140635     678 0.113151    1278 0.135719    1878 0.140989
  79 0.140482     679 0.113028    1279 0.135572    1879 0.140836
  80 0.14033      680 0.112905    1280 0.135425    1880 0.140683
  81 0.140178     681 0.112783    1281 0.135278    1881 0.140531
  82 0.140025     682 0.11266     1282 0.135131    1882 0.140378
  83 0.139874     683 0.112538    1283 0.134985    1883 0.140226
  84 0.139722     684 0.112416    1284 0.134838    1884 0.140074
  85 0.13957      685 0.112294    1285 0.134692    1885 0.139922
  86 0.139419     686 0.112172    1286 0.134546    1886 0.13977
  87 0.139268     687 0.11205     1287 0.1344      1887 0.139618
  88 0.139116     688 0.111929    1288 0.134254    1888 0.139467
  89 0.138966     689 0.111807    1289 0.134108    1889 0.139315
  90 0.138815     690 0.111686    1290 0.133963    1890 0.139164
  91 0.138664     691 0.111565    1291 0.133818    1891 0.139013
  92 0.138514     692 0.111444    1292 0.133672    1892 0.138862
  93 0.138363     693 0.111323    1293 0.133527    1893 0.138712
  94 0.138213     694 0.111202    1294 0.133383    1894 0.138561
  95 0.138063     695 0.111082    1295 0.133238    1895 0.138411
  96 0.137914     696 0.124677    1296 0.133093    1896 0.147703
  97 0.137764     697 0.124593    1297 0.132949    1897 0.147703
  98 0.137614     698 0.124509    1298 0.132805    1898 0.147703
  99 0.137465     699 0.124425    1299 0.132661    1899 0.147703
 100 0.137316     700 0.124341    1300 0.132517    1900 0.147703
 101 0.137167     701 0.124257    1301 0.132373    1901 0.147703
 102 0.137018     702 0.124173    1302 0.132229    1902 0.147703
 103 0.13687      703 0.12409     1303 0.132086    1903 0.147703
 104 0.136721     704 0.124006    1304 0.131942    1904 0.147703
 105 0.136573     705 0.123923    1305 0.131799    1905 0.147703
 106 0.136425     706 0.123839    1306 0.131656    1906 0.147703
 107 0.136277     707 0.123756    1307 0.131513    1907 0.147703
 108 0.136129     708 0.123672    1308 0.131371    1908 0.147703
 109 0.135981     709 0.123589    1309 0.131228    1909 0.147703
 110 0.135833     710 0.123506    1310 0.131086    1910 0.147703
 111 0.135686     711 0.123423    1311 0.130944    1911 0.147703
 112 0.135539     712 0.12334     1312 0.130802    1912 0.147703
 113 0.135392     713 0.123258    1313 0.13066     1913 0.147703
 114 0.135245     714 0.123175    1314 0.130518    1914 0.147703
 115 0.135098     715 0.123092    1315 0.130376    1915 0.147703
 116 0.134952     716 0.12301     1316 0.130235    1916 0.147703
 117 0.134805     717 0.122927    1317 0.130094    1917 0.147703
 118 0.134659     718 0.122845    1318 0.129952    1918 0.147703
 119 0.134513     719 0.122763    1319 0.129811    1919 0.147703
 120 0.134367     720 0.122629    1320 0.129671    1920 0.147542
 121 0.134221     721 0.122496    1321 0.12953     1921 0.147382
 122 0.134076     722 0.122364    1322 0.129389    1922 0.147222
 123 0.13393      723 0.122231    1323 0.129249    1923 0.147063
 124 0.133785     724 0.122098    1324 0.129109    1924 0.146903
 125 0.13364      725 0.121966    1325 0.128969    1925 0.146744
 126 0.133495     726 0.121833    1326 0.128829    1926 0.146584
 127 0.13335      727 0.121701    1327 0.128689    1927 0.146425
 128 0.133205     728 0.121569    1328 0.128549    1928 0.146267
 129 0.133061     729 0.121437    1329 0.12841     1929 0.146108
 130 0.132916     730 0.121305    1330 0.128271    1930 0.145949
 131 0.132772     731 0.121174    1331 0.128131    1931 0.145791
 132 0.132628     732 0.121042    1332 0.127992    1932 0.145633
 133 0.132484     733 0.120911    1333 0.127854    1933 0.145475
 134 0.13234      734 0.12078     1334 0.127715    1934 0.145317
 135 0.132197     735 0.120649    1335 0.127576    1935 0.145159
 136 0.132053     736 0.120518    1336 0.127438    1936 0.145002
 137 0.13191      737 0.120387    1337 0.1273      1937 0.144845
 138 0.131767     738 0.120257    1338 0.127162    1938 0.144687
 139 0.131624     739 0.120126    1339 0.127024    1939 0.14453
 140 0.131481     740 0.119996    1340 0.126886    1940 0.144374
 141 0.131339     741 0.119866    1341 0.126748    1941 0.144217
 142 0.131196     742 0.119736    1342 0.126611    1942 0.144061
 143 0.131054     743 0.119606    1343 0.126473    1943 0.143904
 144 0.130912     744 0.119476    1344 0.126336    1944 0.143748
 145 0.13077      745 0.119346    1345 0.126199    1945 0.143592
 146 0.130628     746 0.119217    1346 0.126062    1946 0.143436
 147 0.130486     747 0.119087    1347 0.125925    1947 0.143281
 148 0.130344     748 0.118958    1348 0.125789    1948 0.143125
 149 0.130203     749 0.118829    1349 0.125652    1949 0.14297
 150 0.130062     750 0.1187      1350 0.125516    1950 0.142815
 151 0.129921     751 0.118571    1351 0.12538     1951 0.14266
 152 0.12978      752 0.118443    1352 0.125244    1952 0.142505
 153 0.129639     753 0.118314    1353 0.125108    1953 0.142351
 154 0.129498     754 0.118186    1354 0.124972    1954 0.142196
 155 0.129358     755 0.118058    1355 0.124836    1955 0.142042
 156 0.129217     756 0.11793     1356 0.124701    1956 0.141888
 157 0.129077     757 0.117802    1357 0.124566    1957 0.141734
 158 0.128937     758 0.117674    1358 0.12443     1958 0.14158
 159 0.128797     759 0.117546    1359 0.124295    1959 0.141426
 160 0.128657     760 0.117419    1360 0.124161    1960 0.141273
 161 0.128518     761 0.117291    1361 0.124026    1961 0.14112
 162 0.128378     762 0.117164    1362 0.123891    1962 0.140967
 163 0.128239     763 0.117037    1363 0.123757    1963 0.140814
 164 0.1281       764 0.11691     1364 0.123623    1964 0.140661
 165 0.127961     765 0.116783    1365 0.123489    1965 0.140508
 166 0.127822     766 0.116656    1366 0.123355    1966 0.140356
 167 0.127684     767 0.11653     1367 0.123221    1967 0.140204
 168 0.127545     768 0.15062     1368 0.123087    1968 0.140051
 169 0.127407     769 0.150572    1369 0.122954    1969 0.139899
 170 0.127268     770 0.150523    1370 0.12282     1970 0.139748
 171 0.12713      771 0.150475    1371 0.122687    1971 0.139596
 172 0.126992     772 0.150426    1372 0.122554    1972 0.139445
 173 0.126855     773 0.150378    1373 0.122421    1973 0.139293
 174 0.126717     774 0.15033     1374 0.122288    1974 0.139142
 175 0.126579     775 0.150281    1375 0.122155    1975 0.138991
 176 0.126442     776 0.150233    1376 0.122023    1976 0.13884
 177 0.126305     777 0.150185    1377 0.12189     1977 0.13869
 178 0.126168     778 0.150137    1378 0.121758    1978 0.138539
 179 0.126031     779 0.150089    1379 0.121626    1979 0.138389
 180 0.125894     780 0.150041    1380 0.121494    1980 0.138239
 181 0.125758     781 0.149993    1381 0.121362    1981 0.138089
 182 0.125621     782 0.149945    1382 0.121231    1982 0.137939
 183 0.125485     783 0.149897    1383 0.121099    1983 0.137789
 184 0.125349     784 0.149849    1384 0.120968    1984 0.13764
 185 0.125213     785 0.149801    1385 0.120836    1985 0.137491
 186 0.125077     786 0.149753    1386 0.120705    1986 0.137341
 187 0.124941     787 0.149706    1387 0.120574    1987 0.137192
 188 0.124806     788 0.149658    1388 0.120444    1988 0.137044
 189 0.12467      789 0.14961     1389 0.120313    1989 0.136895
 190 0.124535     790 0.149563    1390 0.120182    1990 0.136746
 191 0.1244       791 0.149515    1391 0.120052    1991 0.136598
 192 0.124265     792 0.149353    1392 0.119922    1992 0.13645
 193 0.12413      793 0.149191    1393 0.119792    1993 0.136302
 194 0.123996     794 0.149029    1394 0.119662    1994 0.136154
 195 0.123861     795 0.148867    1395 0.119532    1995 0.136006
 196 0.123727     796 0.148706    1396 0.119402    1996 0.135859
 197 0.123592     797 0.148545    1397 0.119273    1997 0.135711
 198 0.123458     798 0.148383    1398 0.119143    1998 0.135564
 199 0.123324     799 0.148222    1399 0.119014    1999 0.135417
 200 0.123191     800 0.148062    1400 0.118885    2000 0.13527
 201 0.123057     801 0.147901    1401 0.118756    2001 0.135123
 202 0.122923     802 0.14774     1402 0.118627    2002 0.134977
 203 0.12279      803 0.14758     1403 0.118498    2003 0.13483
 204 0.122657     804 0.14742     1404 0.11837     2004 0.134684
 205 0.122524     805 0.14726     1405 0.118241    2005 0.134538
 206 0.122391     806 0.1471      1406 0.118113    2006 0.134392
 207 0.122258     807 0.146941    1407 0.117985    2007 0.134246
 208 0.122125     808 0.146781    1408 0.117857    2008 0.1341
 209 0.121993     809 0.146622    1409 0.117729    2009 0.133955
 210 0.12186      810 0.146463    1410 0.117601    2010 0.13381
 211 0.121728     811 0.146304    1411 0.117474    2011 0.133664
 212 0.121596     812 0.146145    1412 0.117346    2012 0.133519
 213 0.121464     813 0.145987    1413 0.117219    2013 0.133374
 214 0.121332     814 0.145828    1414 0.117092    2014 0.13323
 215 0.121201     815 0.14567     1415 0.116965    2015 0.133085
 216 0.121069     816 0.145512    1416 0.116838    2016 0.132941
 217 0.120938     817 0.145354    1417 0.116711    2017 0.132797
 218 0.120807     818 0.145197    1418 0.116584    2018 0.132653
 219 0.120676     819 0.145039    1419 0.116458    2019 0.132509
 220 0.120545     820 0.144882    1420 0.116332    2020 0.132365
 221 0.120414     821 0.144725    1421 0.116205    2021 0.132221
 222 0.120283     822 0.144567    1422 0.116079    2022 0.132078
 223 0.120153     823 0.144411    1423 0.115953    2023 0.131934
 224 0.120022     824 0.144254    1424 0.115828    2024 0.131791
 225 0.119892     825 0.144097    1425 0.115702    2025 0.131648
 226 0.119762     826 0.143941    1426 0.115576    2026 0.131506
 227 0.119632     827 0.143785    1427 0.115451    2027 0.131363
 228 0.119502     828 0.143629    1428 0.115326    2028 0.13122
 229 0.119373     829 0.143473    1429 0.115201    2029 0.131078
 230 0.119243     830 0.143317    1430 0.115076    2030 0.130936
 231 0.119114     831 0.143162    1431 0.114951    2031 0.130794
 232 0.118985     832 0.143007    1432 0.114826    2032 0.130652
 233 0.118856     833 0.142851    1433 0.114701    2033 0.13051
 234 0.118727     834 0.142697    1434 0.114577    2034 0.130368
 235 0.118598     835 0.142542    1435 0.114453    2035 0.130227
 236 0.118469     836 0.142387    1436 0.114328    2036 0.130086
 237 0.118341     837 0.142233    1437 0.114204    2037 0.129945
 238 0.118212     838 0.142078    1438 0.114081    2038 0.129804
 239 0.711184     839 0.141924    1439 0.113957    2039 0.129663
 240 0.933988     840 0.14177     1440 0.128841    2040 0.129522
 241 0.83         841 0.141616    1441 0.128752    2041 0.129382
 242 0.75         842 0.141463    1442 0.128663    2042 0.129241
 243 0.64         843 0.141309    1443 0.128575    2043 0.129101
 244 0.7          844 0.141156    1444 0.128486    2044 0.128961
 245 0.64         845 0.141003    1445 0.128398    2045 0.128821
 246 0.7          846 0.14085     1446 0.128309    2046 0.128681
 247 0.83         847 0.140697    1447 0.128221    2047 0.128542
 248 0.931911     848 0.140544    1448 0.128133    2048 0.128402
 249 0.931614     849 0.140392    1449 0.128045    2049 0.128263
 250 0.931319     850 0.140239    1450 0.127957    2050 0.128124
 251 0.931023     851 0.140087    1451 0.127869    2051 0.127985
 252 0.930728     852 0.139935    1452 0.127782    2052 0.127846
 253 0.930434     853 0.139784    1453 0.127694    2053 0.127707
 254 0.930139     854 0.139632    1454 0.127607    2054 0.127569
 255 0.929845     855 0.13948     1455 0.127519    2055 0.12743
 256 0.929551     856 0.139329    1456 0.127432    2056 0.127292
 257 0.929258     857 0.139178    1457 0.127345    2057 0.127154
 258 0.928965     858 0.139027    1458 0.127257    2058 0.127016
 259 0.928672     859 0.138876    1459 0.12717     2059 0.126878
 260 0.928379     860 0.138725    1460 0.127083    2060 0.12674
 261 0.928087     861 0.138575    1461 0.126997    2061 0.126603
 262 0.927795     862 0.138425    1462 0.578606    2062 0.126466
 263 0.927504     863 0.138274    1463 0.578606    2063 0.126328
 264 0.927212     864 0.138124    1464 0.126609    2064 0.126191
 265 0.83         865 0.137974    1465 0.126471    2065 0.126054
 266 0.75         866 0.137825    1466 0.126334    2066 0.125918
 267 0.64         867 0.137675    1467 0.126197    2067 0.125781
 268 0.7          868 0.137526    1468 0.12606     2068 0.125645
 269 0.64         869 0.137377    1469 0.125924    2069 0.125508
 270 0.7          870 0.137228    1470 0.125787    2070 0.125372
 271 0.83         871 0.137079    1471 0.12565     2071 0.125236
 272 0.925184     872 0.13693     1472 0.125514    2072 0.1251
 273 0.924895     873 0.136781    1473 0.125378    2073 0.124964
 274 0.924607     874 0.136633    1474 0.125242    2074 0.124829
 275 0.924318     875 0.136485    1475 0.125106    2075 0.124693
 276 0.924031     876 0.136337    1476 0.12497     2076 0.124558
 277 0.923743     877 0.136189    1477 0.124835    2077 0.124423
 278 0.923456     878 0.136041    1478 0.124699    2078 0.124288
 279 0.923169     879 0.135893    1479 0.124564    2079 0.124153
 280 0.922883     880 0.135746    1480 0.124429    2080 0.124018
 281 0.922596     881 0.135599    1481 0.124294    2081 0.123884
 282 0.92231      882 0.135452    1482 0.124159    2082 0.123749
 283 0.922025     883 0.135305    1483 0.124024    2083 0.123615
 284 0.921739     884 0.135158    1484 0.12389     2084 0.123481
 285 0.921454     885 0.135011    1485 0.123755    2085 0.123347
 286 0.92117      886 0.134865    1486 0.123621    2086 0.123213
 287 0.920885     887 0.134718    1487 0.123487    2087 0.12308
 288 0.920601     888 0.134572    1488 0.123353    2088 0.122946
 289 0.83         889 0.134426    1489 0.123219    2089 0.122813
 290 0.75         890 0.13428     1490 0.123085    2090 0.122679
 291 0.64         891 0.134135    1491 0.122952    2091 0.122546
 292 0.7          892 0.133989    1492 0.122818    2092 0.122413
 293 0.64         893 0.133844    1493 0.122685    2093 0.122281
 294 0.7          894 0.133699    1494 0.122552    2094 0.122148
 295 0.83         895 0.133554    1495 0.122419    2095 0.122015
 296 0.918339     896 0.133409    1496 0.122286    2096 0.121883
 297 0.918339     897 0.133264    1497 0.122154    2097 0.121751
 298 0.918057     898 0.133119    1498 0.122021    2098 0.121619
 299 0.917776     899 0.132975    1499 0.121889    2099 0.121487
 300 0.917496     900 0.132831    1500 0.121756    2100 0.121355
 301 0.917215     901 0.132687    1501 0.121624    2101 0.121223
 302 0.916935     902 0.132543    1502 0.121492    2102 0.121092
 303 0.916655     903 0.132399    1503 0.121361    2103 0.12096
 304 0.916376     904 0.132255    1504 0.121229    2104 0.120829
 305 0.916097     905 0.132112    1505 0.121097    2105 0.120698
 306 0.915818     906 0.131968    1506 0.120966    2106 0.120567
 307 0.915539     907 0.131825    1507 0.120835    2107 0.120436
 308 0.915261     908 0.131682    1508 0.120704    2108 0.120306
 309 0.914983     909 0.131539    1509 0.120573    2109 0.120175
 310 0.914705     910 0.131397    1510 0.120442    2110 0.120045
 311 0.914428     911 0.131254    1511 0.120311    2111 0.119914
 312 0.097995     912 0.131112    1512 0.120181    2112 0.119784
 313 0.0978887    913 0.130969    1513 0.12005     2113 0.119654
 314 0.0977825    914 0.130827    1514 0.11992     2114 0.119525
 315 0.0976764    915 0.130685    1515 0.11979     2115 0.119395
 316 0.0975705    916 0.130544    1516 0.11966     2116 0.119265
 317 0.0974646    917 0.130402    1517 0.11953     2117 0.119136
 318 0.0973589    918 0.13026     1518 0.119401    2118 0.119007
 319 0.0972532    919 0.130119    1519 0.119271    2119 0.118878
 320 0.0971477    920 0.129978    1520 0.119142    2120 0.118749
 321 0.0970423    921 0.129837    1521 0.119012    2121 0.11862
 322 0.096937     922 0.129696    1522 0.118883    2122 0.118491
 323 0.0968319    923 0.129555    1523 0.118754    2123 0.118363
 324 0.0967268    924 0.129415    1524 0.118625    2124 0.118234
 325 0.0966219    925 0.129274    1525 0.118497    2125 0.118106
 326 0.096517     926 0.129134    1526 0.118368    2126 0.117978
 327 0.0964123    927 0.128994    1527 0.11824     2127 0.11785
 328 0.0963077    928 0.128854    1528 0.118111    2128 0.117722
 329 0.0962032    929 0.128714    1529 0.117983    2129 0.117594
 330 0.0960989    930 0.128575    1530 0.117855    2130 0.117467
 331 0.0959946    931 0.128435    1531 0.117727    2131 0.117339
 332 0.0958904    932 0.128296    1532 0.1176      2132 0.117212
 333 0.0957864    933 0.128157    1533 0.117472    2133 0.117085
 334 0.0956825    934 0.128018    1534 0.117345    2134 0.116958
 335 0.0955787    935 0.127879    1535 0.117217    2135 0.116831
 336 0.095475     936 0.12774     1536 0.11709     2136 0.116704
 337 0.0953714    937 0.127601    1537 0.116963    2137 0.116577
 338 0.0952679    938 0.127463    1538 0.116836    2138 0.116451
 339 0.0951646    939 0.127325    1539 0.116709    2139 0.116325
 340 0.0950613    940 0.127186    1540 0.116583    2140 0.116198
 341 0.0949582    941 0.127048    1541 0.116456    2141 0.116072
 342 0.0948552    942 0.126911    1542 0.11633     2142 0.129038
 343 0.0947522    943 0.126773    1543 0.116204    2143 0.129038
 344 0.0946494    944 0.126635    1544 0.116078    2144 0.129038
 345 0.0945468    945 0.126498    1545 0.115952    2145 0.129038
 346 0.0944442    946 0.126361    1546 0.115826    2146 0.129038
 347 0.0943417    947 0.126224    1547 0.1157      2147 0.129038
 348 0.0942394    948 0.126087    1548 0.115575    2148 0.129038
 349 0.0941371    949 0.12595     1549 0.115449    2149 0.129038
 350 0.094035     950 0.125813    1550 0.115324    2150 0.129038
 351 0.093933     951 0.125677    1551 0.115199    2151 0.129038
 352 0.093831     952 0.12554     1552 0.115074    2152 0.129038
 353 0.0937292    953 0.125404    1553 0.114949    2153 0.129038
 354 0.0936275    954 0.125268    1554 0.114824    2154 0.129038
 355 0.093526     955 0.125132    1555 0.1147      2155 0.129038
 356 0.0934245    956 0.124996    1556 0.114575    2156 0.129038
 357 0.0933231    957 0.124861    1557 0.114451    2157 0.129038
 358 0.0932219    958 0.124725    1558 0.114327    2158 0.129038
 359 0.0931207    959 0.12459     1559 0.114203    2159 0.129038
 360 0.11474      960 0.124455    1560 0.114079    2160 0.129038
 361 0.114667     961 0.12432     1561 0.113955    2161 0.125654
 362 0.114594     962 0.124185    1562 0.113832    2162 0.125654
 363 0.11452      963 0.12405     1563 0.113708    2163 0.125654
 364 0.114447     964 0.123916    1564 0.113585    2164 0.125654
 365 0.114374     965 0.123781    1565 0.113461    2165 0.125654
 366 0.114301     966 0.123647    1566 0.113338    2166 0.125654
 367 0.114228     967 0.123513    1567 0.113215    2167 0.125654
 368 0.114155     968 0.123379    1568 0.113093    2168 0.125654
 369 0.114082     969 0.123245    1569 0.11297     2169 0.125654
 370 0.114009     970 0.123111    1570 0.112847    2170 0.125654
 371 0.113937     971 0.122978    1571 0.112725    2171 0.125654
 372 0.113864     972 0.122844    1572 0.112603    2172 0.125654
 373 0.113792     973 0.122711    1573 0.11248     2173 0.125654
 374 0.113719     974 0.122578    1574 0.112358    2174 0.125654
 375 0.113647     975 0.122445    1575 0.112237    2175 0.125654
 376 0.113574     976 0.122312    1576 0.112115    2176 0.125654
 377 0.113502     977 0.122179    1577 0.111993    2177 0.125654
 378 0.11343      978 0.122047    1578 0.111872    2178 0.125654
 379 0.113358     979 0.121914    1579 0.11175     2179 0.125654
 380 0.113286     980 0.121782    1580 0.111629    2180 0.125654
 381 0.113214     981 0.12165     1581 0.111508    2181 0.125654
 382 0.113142     982 0.121518    1582 0.111387    2182 0.125654
 383 0.113071     983 0.121386    1583 0.111266    2183 0.125654
 384 0.15301      984 0.121254    1584 0.111145    2184 0.122561
 385 0.152959     985 0.121123    1585 0.111025    2185 0.122428
 386 0.152908     986 0.67835     1586 0.110904    2186 0.122295
 387 0.152857     987 0.64        1587 0.110784    2187 0.122163
 388 0.152807     988 0.67835     1588 0.110664    2188 0.12203
 389 0.152756     989 0.64        1589 0.110544    2189 0.121898
 390 0.152705     990 0.67835     1590 0.110424    2190 0.121765
 391 0.152654     991 0.67835     1591 0.110304    2191 0.121633
 392 0.152604     992 0.67835     1592 0.110184    2192 0.121501
 393 0.152553     993 0.67835     1593 0.110065    2193 0.121369
 394 0.152503     994 0.67835     1594 0.109945    2194 0.121238
 395 0.152452     995 0.67835     1595 0.109826    2195 0.121106
 396 0.152402     996 0.67835     1596 0.109707    2196 0.120975
 397 0.152352     997 0.67835     1597 0.109588    2197 0.120844
 398 0.152301     998 0.67835     1598 0.109469    2198 0.120712
 399 0.152251     999 0.67835     1599 0.10935     2199 0.120582
 400 0.152201    1000 0.67835     1600 0.109232    2200 0.120451
 401 0.152151    1001 0.67835     1601 0.109113    2201 0.12032
 402 0.152101    1002 0.67835     1602 0.108995    2202 0.120189
 403 0.15205     1003 0.67835     1603 0.108876    2203 0.120059
 404 0.152       1004 0.67835     1604 0.108758    2204 0.119929
 405 0.15195     1005 0.67835     1605 0.10864     2205 0.119799
 406 0.151901    1006 0.67835     1606 0.108522    2206 0.119669
 407 0.151851    1007 0.67835     1607 0.108405    2207 0.119539
 408 0.151686    1008 0.115608    1608 0.108287    2208 0.119409
 409 0.151521    1009 0.115483    1609 0.10817     2209 0.120681
 410 0.151357    1010 0.115358    1610 0.431863    2210 0.120681
 411 0.151193    1011 0.115232    1611 0.431863    2211 0.120681
 412 0.151029    1012 0.115107    1612 0.431863    2212 0.120681
 413 0.150865    1013 0.114982    1613 0.431863    2213 0.120681
 414 0.150701    1014 0.114858    1614 0.431863    2214 0.120681
 415 0.150538    1015 0.114733    1615 0.431863    2215 0.120681
 416 0.150374    1016 0.114609    1616 0.431863    2216 0.120681
 417 0.150211    1017 0.114484    1617 0.431863    2217 0.120681
 418 0.150048    1018 0.11436     1618 0.431863    2218 0.120681
 419 0.149885    1019 0.114236    1619 0.431863    2219 0.120681
 420 0.149723    1020 0.114112    1620 0.431863    2220 0.120681
 421 0.14956     1021 0.113988    1621 0.431863    2221 0.120681
 422 0.149398    1022 0.113865    1622 0.431863    2222 0.120681
 423 0.149236    1023 0.113741    1623 0.431863    2223 0.120681
 424 0.149074    1024 0.113618    1624 0.431863    2224 0.120681
 425 0.148912    1025 0.113494    1625 0.431863    2225 0.120681
 426 0.148751    1026 0.113371    1626 0.431863    2226 0.120681
 427 0.148589    1027 0.113248    1627 0.431863    2227 0.120681
 428 0.148428    1028 0.113125    1628 0.431863    2228 0.120681
 429 0.148267    1029 0.113003    1629 0.431863    2229 0.120681
 430 0.148106    1030 0.11288     1630 0.431863    2230 0.120681
 431 0.147946    1031 0.112758    1631 0.431863    2231 0.120681
 432 0.147785    1032 0.112635    1632 0.431863    2232 0.120681
 433 0.147625    1033 0.112513    1633 0.332392    2233 0.11693
 434 0.147465    1034 0.112391    1634 0.332392    2234 0.11693
 435 0.147305    1035 0.112269    1635 0.332392    2235 0.11693
 436 0.147145    1036 0.112147    1636 0.332392    2236 0.11693
 437 0.146985    1037 0.112026    1637 0.332392    2237 0.11693
 438 0.146826    1038 0.111904    1638 0.332392    2238 0.11693
 439 0.146666    1039 0.111783    1639 0.332392    2239 0.11693
 440 0.146507    1040 0.111661    1640 0.332392    2240 0.11693
 441 0.146348    1041 0.11154     1641 0.332392    2241 0.11693
 442 0.14619     1042 0.111419    1642 0.332392    2242 0.11693
 443 0.146031    1043 0.111298    1643 0.332392    2243 0.11693
 444 0.145873    1044 0.111178    1644 0.332392    2244 0.11693
 445 0.145714    1045 0.111057    1645 0.332392    2245 0.11693
 446 0.145556    1046 0.110936    1646 0.332392    2246 0.11693
 447 0.145398    1047 0.110816    1647 0.332392    2247 0.11693
 448 0.145241    1048 0.110696    1648 0.332392    2248 0.11693
 449 0.145083    1049 0.110576    1649 0.332392    2249 0.11693
 450 0.144926    1050 0.110456    1650 0.332392    2250 0.11693
 451 0.144768    1051 0.110336    1651 0.332392    2251 0.11693
 452 0.144611    1052 0.110216    1652 0.332392    2252 0.11693
 453 0.144454    1053 0.110097    1653 0.332392    2253 0.11693
 454 0.144298    1054 0.109977    1654 0.332392    2254 0.11693
 455 0.144141    1055 0.109858    1655 0.332392    2255 0.11693
 456 0.143985    1056 0.109739    1656 0.110642    2256 0.11693
 457 0.143828    1057 0.10962     1657 0.110521    2257 0.113679
 458 0.143672    1058 0.109501    1658 0.110402    2258 0.113679
 459 0.143517    1059 0.109382    1659 0.110282    2259 0.113679
 460 0.143361    1060 0.109263    1660 0.110162    2260 0.113679
 461 0.143205    1061 0.109145    1661 0.110043    2261 0.113679
 462 0.14305     1062 0.109026    1662 0.109923    2262 0.113679
 463 0.142895    1063 0.108908    1663 0.109804    2263 0.113679
 464 0.14274     1064 0.10879     1664 0.109685    2264 0.113679
 465 0.142585    1065 0.108672    1665 0.109566    2265 0.113679
 466 0.14243     1066 0.108554    1666 0.109447    2266 0.113679
 467 0.142276    1067 0.108436    1667 0.109328    2267 0.113679
 468 0.142121    1068 0.108318    1668 0.10921     2268 0.113679
 469 0.141967    1069 0.108201    1669 0.109091    2269 0.113679
 470 0.141813    1070 0.108084    1670 0.108973    2270 0.113679
 471 0.141659    1071 0.107966    1671 0.108855    2271 0.113679
 472 0.141505    1072 0.107849    1672 0.108736    2272 0.113679
 473 0.141352    1073 0.107732    1673 0.108618    2273 0.113679
 474 0.141199    1074 0.107615    1674 0.108501    2274 0.113679
 475 0.141045    1075 0.107499    1675 0.108383    2275 0.113679
 476 0.140892    1076 0.107382    1676 0.108265    2276 0.113679
 477 0.14074     1077 0.107265    1677 0.108148    2277 0.113679
 478 0.140587    1078 0.107149    1678 0.108031    2278 0.113679
 479 0.140434    1079 0.107033    1679 0.107913    2279 0.113679
 480 0.140282    1080 0.123779    1680 0.107796    2280 0.113679
 481 0.14013     1081 0.123695    1681 0.107679    2281 0.11066
 482 0.139978    1082 0.123612    1682 0.107562    2282 0.11066
 483 0.139826    1083 0.123529    1683 0.107446    2283 0.11066
 484 0.139674    1084 0.123446    1684 0.107329    2284 0.11066
 485 0.139523    1085 0.123363    1685 0.107213    2285 0.11066
 486 0.139371    1086 0.12328     1686 0.107096    2286 0.11066
 487 0.13922     1087 0.123198    1687 0.10698     2287 0.11066
 488 0.139069    1088 0.123115    1688 0.106864    2288 0.11066
 489 0.138918    1089 0.123032    1689 0.106748    2289 0.11066
 490 0.138767    1090 0.12295     1690 0.106632    2290 0.11066
 491 0.138617    1091 0.122868    1691 0.106517    2291 0.11066
 492 0.138466    1092 0.122785    1692 0.106401    2292 0.11066
 493 0.138316    1093 0.122703    1693 0.106286    2293 0.11066
 494 0.138166    1094 0.122621    1694 0.10617     2294 0.11066
 495 0.138016    1095 0.122539    1695 0.106055    2295 0.11066
 496 0.137866    1096 0.122457    1696 0.10594     2296 0.11066
 497 0.137717    1097 0.122375    1697 0.105825    2297 0.11066
 498 0.137567    1098 0.122293    1698 0.10571     2298 0.11066
 499 0.137418    1099 0.122212    1699 0.105596    2299 0.11066
 500 0.137269    1100 0.12213     1700 0.105481    2300 0.11066
 501 0.13712     1101 0.122049    1701 0.105367    2301 0.11066
 502 0.136971    1102 0.121967    1702 0.105252    2302 0.11066
 503 0.136823    1103 0.121886    1703 0.105138    2303 0.11066
 504 0.136674    1104 0.121754    1704 0.105024    2304 0.11066
 505 0.136526    1105 0.121622    1705 0.10491     2305 0.107855
 506 0.136378    1106 0.12149     1706 0.104796    2306 0.107855
 507 0.13623     1107 0.121358    1707 0.104683    2307 0.107855
 508 0.136082    1108 0.121226    1708 0.104569    2308 0.107855
 509 0.135935    1109 0.121095    1709 0.104456    2309 0.107855
 510 0.135787    1110 0.120963    1710 0.104342    2310 0.107855
 511 0.13564     1111 0.120832    1711 0.104229    2311 0.107855
 512 0.135493    1112 0.120701    1712 0.104116    2312 0.107855
 513 0.135346    1113 0.12057     1713 0.104003    2313 0.107855
 514 0.135199    1114 0.120439    1714 0.10389     2314 0.107855
 515 0.135052    1115 0.120309    1715 0.103777    2315 0.107855
 516 0.134906    1116 0.120178    1716 0.103665    2316 0.107855
 517 0.134759    1117 0.120048    1717 0.103552    2317 0.107855
 518 0.134613    1118 0.119917    1718 0.10344     2318 0.107855
 519 0.134467    1119 0.119787    1719 0.103328    2319 0.107855
 520 0.134321    1120 0.119657    1720 0.103216    2320 0.107855
 521 0.134175    1121 0.119528    1721 0.103104    2321 0.107855
 522 0.13403     1122 0.119398    1722 0.102992    2322 0.107855
 523 0.133884    1123 0.119268    1723 0.10288     2323 0.107855
 524 0.133739    1124 0.119139    1724 0.102769    2324 0.107855
 525 0.133594    1125 0.11901     1725 0.102657    2325 0.107855
 526 0.133449    1126 0.118881    1726 0.102546    2326 0.107855
 527 0.133304    1127 0.118752    1727 0.102434    2327 0.107855
 528 0.13316     1128 0.118623    1728 0.102323    2328 0.104777
 529 0.133015    1129 0.118494    1729 0.102212    2329 0.104663
 530 0.132871    1130 0.118365    1730 0.102101    2330 0.104549
 531 0.132727    1131 0.118237    1731 0.101991    2331 0.104436
 532 0.132583    1132 0.118109    1732 0.10188     2332 0.104323
 533 0.132439    1133 0.117981    1733 0.101769    2333 0.10421
 534 0.132295    1134 0.117853    1734 0.101659    2334 0.104096
 535 0.132152    1135 0.117725    1735 0.101549    2335 0.103984
 536 0.132008    1136 0.117597    1736 0.101439    2336 0.103871
 537 0.131865    1137 0.117469    1737 0.101328    2337 0.103758
 538 0.131722    1138 0.117342    1738 0.101219    2338 0.103645
 539 0.131579    1139 0.117215    1739 0.101109    2339 0.103533
 540 0.131436    1140 0.117088    1740 0.100999    2340 0.103421
 541 0.131294    1141 0.11696     1741 0.100889    2341 0.103308
 542 0.131151    1142 0.116834    1742 0.10078     2342 0.103196
 543 0.131009    1143 0.116707    1743 0.100671    2343 0.103084
 544 0.130867    1144 0.11658     1744 0.100561    2344 0.102973
 545 0.130725    1145 0.116454    1745 0.100452    2345 0.102861
 546 0.130583    1146 0.116327    1746 0.100343    2346 0.102749
 547 0.130441    1147 0.116201    1747 0.100234    2347 0.102638
 548 0.1303      1148 0.116075    1748 0.100126    2348 0.102526
 549 0.130158    1149 0.115949    1749 0.100017    2349 0.102415
 550 0.130017    1150 0.115823    1750 0.0999086   2350 0.102304
 551 0.129876    1151 0.115698    1751 0.0998002   2351 0.102193
 552 0.129735    1152 0.115572    1752 0.0996919   2352 0.102082
 553 0.129595    1153 0.115447    1753 0.0995837   2353 0.101971
 554 0.129454    1154 0.115322    1754 0.0994757   2354 0.101861
 555 0.129313    1155 0.115196    1755 0.0993678   2355 0.10175
 556 0.129173    1156 0.115071    1756 0.09926     2356 0.10164
 557 0.129033    1157 0.114947    1757 0.141472    2357 0.10153
 558 0.128893    1158 0.114822    1758 0.26811     2358 0.101419
 559 0.128753    1159 0.114697    1759 0.26811     2359 0.101309
 560 0.128613    1160 0.114573    1760 0.26811     2360 0.1012
 561 0.128474    1161 0.114449    1761 0.26811     2361 0.10109
 562 0.128335    1162 0.114324    1762 0.26811     2362 0.10098
 563 0.128195    1163 0.1142      1763 0.26811     2363 0.100871
 564 0.128056    1164 0.114076    1764 0.26811     2364 0.100761
 565 0.127917    1165 0.113953    1765 0.26811     2365 0.100652
 566 0.127779    1166 0.113829    1766 0.26811     2366 0.100543
 567 0.12764     1167 0.113706    1767 0.26811     2367 0.100433
 568 0.127501    1168 0.113582    1768 0.26811     2368 0.100324
 569 0.127363    1169 0.113459    1769 0.26811     2369 0.100216
 570 0.127225    1170 0.113336    1770 0.26811     2370 0.100107
 571 0.127087    1171 0.113213    1771 0.26811     2371 0.0999983
 572 0.126949    1172 0.11309     1772 0.26811     2372 0.0998898
 573 0.126811    1173 0.112967    1773 0.26811     2373 0.0997814
 574 0.126674    1174 0.112845    1774 0.26811     2374 0.0996732
 575 0.126536    1175 0.112722    1775 0.26811     2375 0.103487
 576 0.126399    1176 0.149468    1776 0.26811     2376 0.105665
 577 0.126262    1177 0.14942     1777 0.212681    2377 0.099347
 578 0.126125    1178 0.149373    1778 0.212681    2378 0.0992392
 579 0.125988    1179 0.149326    1779 0.212681    2379 0.0991316
 580 0.125851    1180 0.149278    1780 0.212681    2380 0.099347
 581 0.125715    1181 0.149231    1781 0.212681    2381 0.099347
 582 0.125578    1182 0.149184    1782 0.212681    2382 0.099347
 583 0.125442    1183 0.149137    1783 0.212681    2383 0.099347
 584 0.125306    1184 0.14909     1784 0.212681    2384 0.099347
 585 0.12517     1185 0.149043    1785 0.212681    2385 0.099347
 586 0.125034    1186 0.148996    1786 0.212681    2386 0.099347
 587 0.124899    1187 0.148949    1787 0.212681    2387 0.099347
 588 0.124763    1188 0.148902    1788 0.212681    2388 0.099347
 589 0.124628    1189 0.148855    1789 0.212681    2389 0.099347
 590 0.124493    1190 0.301856    1790 0.212681    2390 0.099347
 591 0.124357    1191 0.596316    1791 0.212681    2391 0.099347
 592 0.124223    1192 0.596316    1792 0.212681    2392 0.099347
 593 0.124088    1193 0.596316    1793 0.212681    2393 0.099347
 594 0.123953    1194 0.596316    1794 0.212681    2394 0.099347
 595 0.123819    1195 0.596316    1795 0.212681    2395 0.099347
 596 0.123684    1196 0.596316    1796 0.212681    2396 0.099347
 597 0.12355     1197 0.596316    1797 0.212681    2397 0.099347
 598 0.123416    1198 0.596316    1798 0.212681    2398 0.099347
 599 0.123282    1199 0.596316    1799 0.212681    2399 0.099347
 600 0.123149    1200 0.147712    1800 0.212681    2400 0.099347
;

### final_model.run:17(342)   display ...
#execute	0.001023	20520		89806208
bla [*] :=
   1  0              601  1.46411e-14   1201  0             1801  0.0118747
   2  0              602  3.93102e-13   1202  0             1802  0.0118921
   3  0              603  0             1203  0             1803  0.0119094
   4  0              604  0             1204  0             1804  0.0119268
   5  0              605  0             1205  0             1805  0.0119441
   6  0              606  0             1206  0             1806  0.0119614
   7  0              607  0             1207  0             1807  0.0119787
   8  0              608  9.71445e-16   1208 -2.09555e-15   1808  0.0119959
   9  0              609  0             1209  7.35523e-16   1809  0.0120132
  10  0              610  0             1210  0             1810  0.0120304
  11  0              611  0             1211  0             1811  0.0120476
  12  0              612  0             1212  0             1812  0.0120648
  13  0              613  0             1213  0             1813  0.012082
  14  0              614  0             1214  0             1814  0.0120992
  15  0              615  0             1215  7.84052e-12   1815  0.0121164
  16  0              616  0             1216  7.97297e-12   1816  0.0121335
  17  0              617  0             1217  8.10406e-12   1817  0.0121507
  18  2.23223e-12    618  0             1218  0             1818  0.0121678
  19  2.36354e-12    619  0             1219  9.20947e-11   1819  0.0121849
  20  0              620  0             1220  9.35365e-11   1820  0.012202
  21  1.7464e-11     621  0             1221  9.49783e-11   1821  0.0122191
  22  0              622  0             1222  9.80781e-11   1822  0.0122361
  23  0              623  0             1223  9.04882e-12   1823  0.0122532
  24  0              624  0             1224  9.18221e-12   1824  0.0122702
  25  0              625  0             1225  7.0226e-12    1825  0.0084137
  26  0              626  0             1226  4.74216e-12   1826  0.00842989
  27  0              627  1.72468e-13   1227  4.73932e-12   1827  0.00844607
  28  0              628  0             1228  4.73648e-12   1828  0.00846223
  29  0              629  0             1229  4.73364e-12   1829  0.00847838
  30  0              630  0             1230  4.73079e-12   1830  0.00849451
  31  0              631  0             1231  6.99736e-12   1831  0.00851063
  32  0              632  0             1232  6.07558e-12   1832  0.00852673
  33  0              633  0             1233  6.07008e-12   1833  0.00854283
  34  0              634  0             1234  5.92834e-12   1834  0.0085589
  35  0              635  0             1235  6.12722e-12   1835  0.00857497
  36  0              636  0             1236  2.91543e-07   1836  0.00859101
  37  0              637  0             1237  6.04808e-12   1837  0.00860705
  38  0              638  0             1238  2.91192e-07   1838  0.00862307
  39  0              639  3.53689e-13   1239  5.96897e-12   1839  0.00863908
  40  0              640  3.53842e-13   1240  5.96347e-12   1840  0.00865507
  41  0              641  3.53842e-13   1241  6.09423e-12   1841  0.00867105
  42 -1.18196e-12    642  3.53842e-13   1242  5.95247e-12   1842  0.00868701
  43  0              643  0             1243  6.15135e-12   1843  0.00870296
  44  0              644 -1.80411e-16   1244  6.21397e-12   1844  0.0087189
  45  0              645  1.68156e-12   1245  5.93596e-12   1845  0.00873482
  46  0              646  1.93035e-12   1246  6.13485e-12   1846  0.00875073
  47  0              647  0             1247  5.85689e-12   1847  0.00876663
  48  0              648  9.25489e-12   1248  4.89767e-12   1848  0
  49  0              649  8.42881e-13   1249  6.92692e-12   1849  0
  50  0              650  5.68563e-13   1250  4.68177e-12   1850 -3.79817e-14
  51  0              651  5.68951e-13   1251  4.68319e-12   1851  0
  52  0              652  5.70114e-13   1252  4.68461e-12   1852  0
  53  0              653  5.71276e-13   1253  4.68603e-12   1853  0
  54  0              654  5.73989e-13   1254  4.68745e-12   1854  0
  55  0              655  8.56121e-13   1255  6.93953e-12   1855  0
  56  0              656  3.0416e-07    1256  2.90193e-07   1856  0
  57  0              657 -2.78795e-08   1257  2.90297e-07   1857  0
  58  0              658 -2.80819e-08   1258  6.28482e-12   1858  0
  59  0              659  7.45549e-12   1259  5.60914e-12   1859  0
  60  0              660 -4.56742e-08   1260  4.73182e-12   1860  0
  61  0              661 -2.86195e-08   1261  4.53845e-12   1861  0
  62  0              662 -2.8905e-08    1262  4.48407e-12   1862  0
  63  0              663  8.10983e-12   1263  4.22809e-12   1863  0
  64  0              664  7.98777e-12   1264  4.2501e-12    1864  0
  65  0              665  8.52674e-12   1265  3.93148e-12   1865  0
  66  0              666 -2.97756e-08   1266  3.89086e-12   1866  0
  67  0              667 -3.4849e-08    1267  2.22635e-12   1867  0
  68  0              668  1.02608e-11   1268  2.47746e-12   1868  0
  69  0              669 -3.55072e-08   1269  2.98706e-07   1869  0
  70  0              670 -3.57841e-08   1270  1.76997e-12   1870  0
  71  0              671 -3.63625e-08   1271  1.62337e-12   1871  0
  72  0              672  3.15856e-10   1272  1.76568e-12   1872  9.12592e-12
  73  0              673  0             1273  4.96063e-12   1873  0
  74  0              674  0             1274  4.99156e-12   1874  0
  75  0              675  0             1275  5.02506e-12   1875  0
  76  0              676 -1.22472e-12   1276  5.05747e-12   1876  0
  77  0              677  6.10808e-13   1277  5.08881e-12   1877  0
  78  0              678  6.10808e-13   1278  5.12038e-12   1878  6.78294e-13
  79  0              679  6.10817e-13   1279  5.15608e-12   1879  1.01583e-12
  80  0              680  0             1280  2.19653e-12   1880  1.17972e-12
  81  0              681  6.165e-12     1281  2.18047e-12   1881  1.29723e-11
  82  0              682  6.23661e-12   1282  3.24664e-07   1882  1.29679e-11
  83  0              683  3.27365e-12   1283  3.2673e-07    1883  1.28476e-11
  84  0              684  6.32004e-12   1284  3.28677e-07   1884  1.28457e-11
  85  0              685  6.36138e-12   1285  2.70156e-12   1885  1.28436e-11
  86  0              686  6.40273e-12   1286  2.68255e-12   1886  1.28417e-11
  87  0              687  6.44408e-12   1287  2.7959e-12    1887  0
  88  0              688  6.48542e-12   1288  1.87297e-10   1888  1.28377e-11
  89  0              689  6.52677e-12   1289 -1.33227e-15   1889  1.28419e-11
  90  0              690  6.56812e-12   1290  3.09798e-12   1890  1.28532e-11
  91  0              691  6.60946e-12   1291  3.40495e-07   1891  1.28593e-11
  92  0              692  6.6508e-12    1292  3.28808e-12   1892  1.28652e-11
  93  0              693  6.69216e-12   1293  3.4475e-07    1893  1.28708e-11
  94  0              694  6.7335e-12    1294 -8.23702e-09   1894  1.28834e-11
  95  0              695  6.77484e-12   1295  3.37726e-12   1895  1.28917e-11
  96  0              696  7.39697e-11   1296  8.58284e-07   1896  1.02242e-11
  97  0              697  5.26654e-12   1297  2.5706e-10    1897  6.20878e-13
  98  0              698  5.20614e-13   1298  1.70024e-10   1898  0
  99  0              699  6.51959e-13   1299  3.86731e-11   1899  0
 100  0              700  0             1300  5.04721e-12   1900  0
 101  0              701  4.05397e-13   1301  5.10903e-12   1901  0
 102  0              702  4.06947e-13   1302  5.17081e-12   1902  0
 103  0              703  6.06584e-13   1303  5.23252e-12   1903  8.78964e-13
 104  0              704  6.11025e-13   1304  5.29424e-12   1904  5.65862e-08
 105  0              705  6.15036e-13   1305  5.35584e-12   1905  3.13965e-08
 106  0              706  6.07056e-13   1306  0             1906  5.75458e-12
 107  0              707  0             1307  4.63345e-12   1907 -2.35922e-16
 108  0              708  0             1308  4.63345e-12   1908  0
 109  0              709  0             1309  4.63345e-12   1909  1.72427e-11
 110  0              710  0             1310  4.63345e-12   1910  1.22872e-09
 111  0              711  0             1311  4.63345e-12   1911  1.9127e-11
 112  0              712  0             1312  4.63345e-12   1912  1.94927e-13
 113  0              713  0             1313  0             1913  0
 114  0              714  0             1314  0             1914  0
 115  0              715  0             1315  0             1915  2.74461e-13
 116  0              716  0             1316  0             1916  8.4141e-13
 117  0              717  1.82229e-13   1317  0             1917  0
 118  0              718  1.82229e-13   1318  0             1918  2.73712e-13
 119  0              719  1.82229e-13   1319  0             1919 -1.94289e-16
 120  0              720  0             1320  0             1920  0
 121  0              721  0             1321  0             1921  0
 122  0              722  0             1322  0             1922  3.38331e-11
 123 -3.60231e-10    723  0             1323  0             1923  0
 124  0              724  0             1324  0             1924  5.65608e-13
 125  2.41585e-13    725  0             1325  0             1925  5.65657e-13
 126  2.41585e-13    726  0             1326  0             1926  5.65705e-13
 127  2.41571e-13    727  0             1327  0             1927  8.39301e-13
 128  0              728  0             1328  0             1928 -2.68481e-08
 129  2.41571e-13    729  0             1329  0             1929 -2.69014e-08
 130  2.41571e-13    730  0             1330  0             1930 -2.68856e-08
 131  2.41571e-13    731  0             1331  0             1931 -2.6893e-08
 132  2.41571e-13    732  0             1332  0             1932 -2.69671e-08
 133  2.41571e-13    733  0             1333  0             1933  2.97116e-07
 134  2.41571e-13    734  0             1334  0             1934 -2.70568e-08
 135  2.41571e-13    735  0             1335  0             1935 -2.71124e-08
 136  2.41571e-13    736  0             1336  0             1936 -2.71723e-08
 137  2.41571e-13    737  0             1337  0             1937 -2.72488e-08
 138  2.41571e-13    738  0             1338 -3.091e-13     1938 -2.72676e-08
 139  2.41571e-13    739  0             1339 -2.5458e-11    1939 -2.74087e-08
 140  2.41571e-13    740  0             1340  1.27287e-11   1940 -2.7475e-08
 141  0              741  0             1341  1.27287e-11   1941  5.88136e-12
 142  2.41571e-13    742  0             1342  1.27287e-11   1942  5.36853e-12
 143  2.41571e-13    743  0             1343  1.30262e-11   1943 -2.77375e-08
 144  0              744  0             1344  1.13701e-11   1944  8.27398e-13
 145  0              745  0             1345  1.69297e-11   1945  0
 146  0              746  0             1346  1.55725e-12   1946  0
 147  0              747  0             1347  2.01361e-12   1947  0
 148  0              748  0             1348  0             1948  0
 149  0              749  0             1349  4.52487e-13   1949  0
 150  0              750  0             1350  4.5268e-13    1950 -5.68563e-13
 151  0              751  0             1351  6.7242e-13    1951  2.83731e-13
 152  0              752  0             1352  6.7378e-13    1952  2.83731e-13
 153  0              753  0             1353  6.75376e-13   1953  2.83731e-13
 154  0              754  0             1354  6.76167e-13   1954  0
 155  0              755  0             1355  6.76958e-13   1955  0
 156  0              756  0             1356  6.78166e-13   1956  0
 157  0              757  0             1357  6.79359e-13   1957  0
 158  0              758  0             1358  6.80553e-13   1958  0
 159  0              759  1.1848e-11    1359  6.8133e-13    1959  0
 160  0              760  1.20453e-11   1360  6.85355e-13   1960  0
 161  0              761  1.21146e-11   1361  6.87936e-13   1961  0
 162  0              762  4.17811e-07   1362  8.17493e-12   1962  0
 163  0              763  4.22205e-07   1363  7.20424e-13   1963  0
 164  0              764  1.2527e-11    1364  7.36869e-13   1964  0
 165  0              765  1.48304e-10   1365  7.67289e-13   1965  0
 166  0              766  1.36194e-11   1366  7.86399e-13   1966  0
 167  0              767 -3.39692e-08   1367  8.04773e-13   1967 -2.55074e-13
 168  0              768  1.44147e-11   1368  2.70353e-13   1968  3.82236e-13
 169  0              769  0             1369 -6.43515e-14   1969  3.82125e-13
 170  0              770  7.18593e-12   1370  4.63113e-10   1970  3.81416e-13
 171  0              771  7.18824e-12   1371  0             1971  3.82869e-13
 172  0              772  7.19056e-12   1372  0             1972  0
 173  0              773  7.19288e-12   1373 -4.96826e-12   1973  2.88206e-13
 174  0              774  7.1952e-12    1374  8.25905e-13   1974  0
 175  0              775  1.06502e-11   1375  9.11353e-12   1975  0
 176  0              776  3.84773e-11   1376  9.11303e-12   1976  0
 177  0              777  4.37188e-11   1377  9.11959e-12   1977  0
 178  0              778  8.77076e-15   1378  9.12867e-12   1978  0
 179  0              779  4.80474e-11   1379  9.13875e-12   1979  0
 180  0              780  5.85144e-11   1380  8.04912e-16   1980  0
 181  0              781  6.04595e-11   1381  8.88178e-16   1981  2.52055e-12
 182  0              782  6.60073e-11   1382  8.46545e-16   1982  4.49146e-12
 183  0              783 -5.2458e-15    1383  8.46545e-16   1983  0
 184  0              784  7.20347e-12   1384  8.88178e-16   1984  0
 185  0              785  7.61858e-11   1385  0             1985  1.67408e-13
 186  0              786  8.33974e-11   1386  9.27085e-12   1986  0
 187  0              787  9.01841e-11   1387  9.29709e-12   1987  0
 188  0              788  9.72861e-11   1388 -1.8016e-12    1988  0
 189  0              789  3.92445e-11   1389  0             1989  0
 190  0              790  4.6325e-11    1390  8.52388e-13   1990  0
 191  0              791  5.2761e-11    1391  9.39188e-12   1991  0
 192  0              792  4.89243e-07   1392  0             1992  0
 193  0              793  1.02931e-11   1393  0             1993  0
 194  0              794  6.92779e-12   1394  0             1994  0
 195  0              795  6.90079e-12   1395  0             1995  0
 196  0              796  6.86811e-12   1396  0             1996  2.11713e-14
 197  0              797  6.84111e-12   1397  0             1997  0
 198  0              798  6.80842e-12   1398  0             1998  0
 199  0              799  1.00365e-11   1399  0             1999  0
 200  0              800  1.13485e-11   1400 -4.81223e-08   2000  0
 201  0              801  1.0992e-11    1401 -5.16556e-08   2001  0
 202  0              802  3.90585e-07   1402 -4.99247e-08   2002  0
 203  0              803  1.04478e-11   1403  4.656e-09     2003  0
 204  0              804  1.01058e-11   1404 -4.69632e-08   2004  0
 205  0              805  1.00363e-11   1405 -4.76569e-08   2005  0
 206  0              806  9.76238e-12   1406 -4.69288e-08   2006  0
 207  0              807  9.42298e-12   1407  0             2007  0
 208  0              808  9.08356e-12   1408 -4.69168e-08   2008  0
 209  0              809  3.29547e-07   1409 -4.69087e-08   2009  0
 210  0              810  3.20875e-07   1410  5.16065e-07   2010  0
 211  0              811  3.13478e-07   1411  1.34705e-11   2011  0
 212  0              812  8.0755e-12    1412 -9.47712e-08   2012  0
 213  0              813  7.91218e-12   1413  0             2013  0
 214  0              814  2.91279e-07   1414 -5.24473e-08   2014  0
 215  0              815  6.83984e-12   1415  1.27323e-11   2015  0
 216  0              816  7.58915e-12   1416 -4.68384e-08   2016  0
 217  0              817 -3.20126e-12   1417  8.51152e-13   2017  0
 218  0              818 -3.52039e-12   1418  8.51233e-13   2018  0
 219  0              819  3.28413e-12   1419  8.51298e-13   2019  0
 220 -2.84217e-15    820  3.28413e-12   1420  8.51362e-13   2020  0
 221  5.68434e-15    821  0             1421  8.51427e-13   2021  0
 222  0              822 -2.21292e-13   1422  8.51491e-13   2022  0
 223  0              823  3.28412e-12   1423  8.51555e-13   2023  0
 224 -8.99908e-12    824  3.28412e-12   1424 -4.6869e-08    2024  0
 225  0              825  3.28412e-12   1425 -4.68714e-08   2025  0
 226  0              826  3.28412e-12   1426  0             2026  0
 227  0              827  0             1427  0             2027  0
 228  0              828  3.28412e-12   1428  0             2028  0
 229  0              829  3.28412e-12   1429  1.71141e-13   2029  0
 230  8.99905e-12    830  3.28412e-12   1430  0             2030  0
 231 -1.03982e-12    831  3.28412e-12   1431  0             2031  0
 232  1.22541e-13    832  3.28412e-12   1432 -4.51583e-14   2032  0
 233  0              833  3.28412e-12   1433 -4.69006e-08   2033  0
 234  0              834  3.28412e-12   1434 -4.69044e-08   2034  0
 235  0              835  3.28412e-12   1435 -4.69068e-08   2035  0
 236  0              836  0             1436 -4.69103e-08   2036  0
 237  0              837  0             1437 -4.69142e-08   2037  0
 238  0              838  0             1438 -4.6918e-08    2038  0
 239  0.0872039      839  0             1439 -4.78327e-08   2039  0
 240  0.12           840  0             1440  2.04124e-10   2040  0
 241  0.104754       841  0             1441  8.8356e-12    2041  0
 242  0.0930326      842  0             1442  8.8356e-12    2042  0
 243  0.0768974      843  0             1443  8.8356e-12    2043  0
 244  0.0857539      844  0             1444  8.8356e-12    2044  0
 245  0.0769686      845  0             1445  8.8356e-12    2045  0
 246  0.0858251      846  0             1446  8.8356e-12    2046  0
 247  0.104976       847  0             1447  8.8356e-12    2047  0
 248  0.12           848  0             1448  8.8356e-12    2048  1.41256e-12
 249  0.12           849  2.03199e-13   1449  8.8356e-12    2049  1.45521e-12
 250  0.12           850  0             1450  8.8356e-12    2050  1.49318e-12
 251  0.12           851  0             1451  8.8356e-12    2051  1.53114e-12
 252  0.12           852  0             1452  8.8356e-12    2052  1.56913e-12
 253  0.12           853  0             1453  0             2053  1.65716e-12
 254  0.12           854  0             1454  0             2054  1.69524e-12
 255  0.12           855  0             1455  0             2055  1.73336e-12
 256  0.12           856  0             1456  0             2056  1.77142e-12
 257  0.12           857  0             1457  0             2057  1.80955e-12
 258  0.12           858  0             1458  0             2058  1.84762e-12
 259  0.12           859  0             1459  0             2059  1.88576e-12
 260  0.12           860  0             1460  0             2060  1.97396e-12
 261  0.12           861  0             1461  0             2061  2.06235e-12
 262  0.12           862  0             1462  0.0664049     2062  2.10074e-12
 263  0.12           863 -2.63678e-16   1463  0.0664233     2063  2.13921e-12
 264  0.12           864  0             1464  0             2064  2.38241e-12
 265  0.10575        865  0             1465  0             2065  1.29302e-12
 266  0.0940269      866  0             1466  0             2066  1.29299e-12
 267  0.0778908      867  0             1467  0             2067  1.29293e-12
 268  0.0867465      868  1.33724e-12   1468  0             2068  1.29288e-12
 269  0.0779603      869  0             1469  0             2069  1.29283e-12
 270  0.0868159      870  1.34008e-12   1470  0             2070  1.29278e-12
 271  0.105966       871  1.98541e-12   1471  0             2071  1.29272e-12
 272  0.12           872  0             1472  0             2072  2.62084e-11
 273  0.12           873  2.4736e-12    1473  0             2073  2.38214e-12
 274  0.12           874  0             1474  0             2074  2.62049e-11
 275  0.12           875  2.47882e-12   1475  0             2075  2.62037e-11
 276  0.12           876  2.48145e-12   1476  0             2076  2.62023e-11
 277  0.12           877  2.48404e-12   1477  0             2077  2.62026e-11
 278  0.12           878  0             1478  0             2078  0
 279  0.12           879  2.48929e-12   1479  0             2079  5.0504e-13
 280  0.12           880  2.49188e-12   1480  0             2080 -3.37091e-14
 281  0.12           881  2.4945e-12    1481  0             2081  0
 282  0.12           882  0             1482  0             2082  0
 283  0.12           883  2.49974e-12   1483  0             2083  0
 284  0.12           884  2.50236e-12   1484  0             2084  2.62126e-11
 285  0.12           885  2.50498e-12   1485  0             2085  2.3806e-12
 286  0.12           886  2.50758e-12   1486  0             2086  3.49236e-11
 287  0.12           887  0             1487  0             2087  3.9552e-10
 288  0.12           888  0             1488  0             2088  3.37601e-12
 289  0.106721       889  0             1489  0             2089  2.71475e-12
 290  0.094997       890  0             1490  0             2090  1.83e-12
 291  0.07886        891  0             1491  0             2091  1.83015e-12
 292  0.0877149      892  0             1492  2.2429e-11    2092  1.83034e-12
 293  0.0789278      893  0             1493  0             2093  1.83063e-12
 294  0.0877826      894  0             1494  0             2094  1.83097e-12
 295  0.106931       895  0             1495  0             2095  2.71699e-12
 296  0.119959       896  0             1496  0             2096 -1.07314e-07
 297  0.12           897  0             1497  0             2097 -1.06531e-07
 298  0.12           898  0             1498  0             2098 -1.05791e-07
 299  0.12           899  0             1499  0             2099 -1.05159e-07
 300  0.12           900  0             1500  0             2100 -1.04678e-07
 301  0.12           901  0             1501  0             2101 -1.0427e-07
 302  0.12           902  0             1502  0             2102 -1.03849e-07
 303  0.12           903  0             1503  0             2103  1.14018e-06
 304  0.12           904  0             1504  0             2104  1.1399e-06
 305  0.12           905  0             1505  0             2105 -1.04116e-07
 306  0.12           906  0             1506  0             2106 -1.44487e-12
 307  0.12           907  0             1507  0             2107 -1.05427e-07
 308  0.12           908  4.16334e-17   1508  0             2108 -1.06373e-07
 309  0.12           909  0             1509  0             2109 -1.07312e-07
 310  0.12           910  4.79832e-09   1510  0             2110 -1.08432e-07
 311  0.12           911  0             1511  0             2111  1.19878e-06
 312  0              912  0             1512  0             2112  3.03584e-12
 313  0              913  0             1513  0             2113 -2.16526e-11
 314  0              914  7.29017e-13   1514  0             2114  1.27476e-12
 315  0              915  0             1515  0             2115 -1.49583e-12
 316  0              916  0             1516  0             2116  0
 317  0              917  0             1517  0             2117  0
 318  0              918  0             1518  0             2118  0
 319  0              919  0             1519  0             2119  0
 320  1.24989e-10    920  0             1520  0             2120  1.15796e-11
 321  0              921  0             1521  0             2121  1.27474e-12
 322  0              922 -2.77556e-17   1522  0             2122  1.27474e-12
 323  0              923  1.66533e-16   1523  0             2123  1.27474e-12
 324  0              924  0             1524  0             2124 -2.42778e-13
 325  0              925  2.55906e-14   1525  0             2125  1.03247e-12
 326  0              926  0             1526  0             2126 -4.0796e-12
 327  0              927  0             1527  0             2127 -2.80094e-12
 328  0              928  0             1528  0             2128 -2.7985e-12
 329  0              929  0             1529  0             2129 -1.52095e-12
 330  0              930  0             1530  0             2130 -1.51962e-12
 331  0              931  0             1531  0             2131 -2.43222e-13
 332  0              932  0             1532  0             2132 -2.43028e-13
 333  0              933 -9.71708e-13   1533  0             2133  0
 334  0              934  0             1534  0             2134 -6.31735e-12
 335  0              935  1.38778e-17   1535  0             2135  0
 336  0              936  0             1536  0             2136  0
 337  0              937  0             1537  0             2137 -1.20698e-12
 338  0              938  0             1538  0             2138  0
 339  0              939  0             1539  0             2139  0
 340  0              940  0             1540  0             2140  0
 341  3.37921e-12    941  0             1541  0             2141 -6.81359e-14
 342  3.37921e-12    942  0             1542  0             2142  0.00192491
 343 -9.78848e-11    943  0             1543  0             2143  0.00194381
 344  0              944  0             1544  0             2144  0.00196269
 345  0              945  0             1545  0             2145  0.00198156
 346  0              946  0             1546  0             2146  0.0020004
 347  0              947  0             1547  0             2147  0.00201924
 348  0              948  0             1548  0             2148  0.00203805
 349  0              949  0             1549  0             2149  0.00205685
 350  0              950  0             1550  0             2150  0.00207563
 351  0              951  0             1551  0             2151  0.0020944
 352  0              952  0             1552  0             2152  0.00211315
 353  0              953  0             1553  0             2153  0.00213188
 354  0              954  0             1554  0             2154  0.0021506
 355  0              955  0             1555  0             2155  0.0021693
 356  7.00225e-12    956  0             1556  0             2156  0.00218798
 357  3.67563e-12    957  0             1557  0             2157  0.00220665
 358  7.09308e-12    958  0             1558  0             2158  0.0022253
 359  7.13811e-12    959  0             1559  0             2159  0.00224393
 360  7.78508e-11    960  0             1560  0             2160  0.000650761
 361  7.39263e-12    961  0             1561  0             2161  0.000165738
 362  5.43686e-13    962  0             1562  0             2162  0.000178114
 363  6.94108e-13    963  5.45586e-13   1563  0             2163  0.000190478
 364  0              964  0             1564  0             2164  0.000202829
 365  4.2245e-13     965  0             1565  0             2165  0.000215168
 366  4.2245e-13     966  0             1566  0             2166  0.000227495
 367  6.2729e-13     967  0             1567  0             2167  0.000239809
 368  0              968  0             1568  0             2168  0.000252111
 369  0              969  0             1569  0             2169  0.000264401
 370  0              970  0             1570  0             2170  0.000276678
 371  0              971  0             1571  0             2171  0.000288944
 372  0              972  0             1572  0             2172  0.000301197
 373  0              973  0             1573  0             2173  0.000313437
 374  0              974  0             1574  0             2174  0.000325666
 375  0              975  0             1575  0             2175  0.000337882
 376  0              976  0             1576  0             2176  0.000350086
 377  0              977  2.38837e-14   1577  0             2177  0.000362278
 378  0              978  0             1578  0             2178  0.000374457
 379  0              979  0             1579  0             2179  0.000386625
 380  0              980  0             1580  0             2180  0.00039878
 381  0              981  0             1581  0             2181  0.000410923
 382  0              982  0             1582  0             2182  0.000423054
 383  0              983  0             1583  0             2183  0.000435173
 384  0              984  0             1584  0             2184 -2.38837e-14
 385  1.24167e-12    985  9.31089e-13   1585  0             2185 -8.62125e-13
 386  0              986  0.0819488     1586  0             2186 -7.16227e-14
 387  0              987  0.0763466     1587  0             2187  0
 388  0              988  0.0820205     1588  0             2188 -1.43245e-13
 389  0              989  0.0764182     1589  0             2189 -9.54969e-14
 390  0              990  0.082092      1590  0             2190 -3.81988e-13
 391  0              991  0.0821282     1591  0             2191  0
 392  0              992  0.0821645     1592  0             2192  0
 393  0              993  0.0822007     1593  0             2193  0
 394  0              994  0.0822369     1594  0             2194  0
 395  0              995  0.0822731     1595  0             2195  0
 396  1.24292e-09    996  0.0823092     1596  0             2196  0
 397  2.41107e-09    997  0.0823453     1597  0             2197  0
 398  1.39211e-09    998  0.0823814     1598  0             2198  0
 399  1.98154e-09    999  0.0824174     1599  0             2199  0
 400  2.42178e-09   1000  0.0824534     1600  0             2200  0
 401  2.3092e-09    1001  0.0824894     1601  0             2201  0
 402  2.34627e-09   1002  0.0825253     1602 -1.80411e-16   2202  0
 403  2.41099e-09   1003  0.0825612     1603  0             2203  0
 404  4.39921e-06   1004  0.0825971     1604  0             2204  0
 405  1.24674e-10   1005  0.082633      1605  0             2205  0
 406  2.35904e-09   1006  0.0826688     1606  0             2206  0
 407  2.45575e-09   1007  0.0827046     1607  0             2207  0
 408  3.8197e-11    1008  0             1608  0             2208  0
 409  0             1009  7.1835e-11    1609  0             2209  0.000205996
 410  0             1010  0             1610  0.0476102     2210  0.000225066
 411  0             1011  0             1611  0.0476374     2211  0.00024412
 412  0             1012  0             1612  0.0476645     2212  0.000263157
 413  0             1013  3.87569e-13   1613  0.0476917     2213  0.000282178
 414  0             1014  3.87956e-13   1614  0.0477188     2214  0.000301181
 415  0             1015  1.15231e-12   1615  0.0477459     2215  0.000320168
 416  0             1016  6.34875e-12   1616  0.0477729     2216  0.000339139
 417  0             1017  6.35321e-12   1617  0.0477999     2217  0.000358093
 418  0             1018  6.36165e-12   1618  0.047827      2218  0.00037703
 419  0             1019  6.37876e-12   1619  0.047854      2219  0.000395951
 420  0             1020  0             1620  0.0478809     2220  0.000414855
 421  0             1021  0             1621  0.0479079     2221  0.000433742
 422  3.11987e-12   1022  0             1622  0.0479348     2222  0.000452613
 423  0             1023  6.45474e-12   1623  0.0479617     2223  0.000471467
 424 -2.33147e-15   1024  6.47771e-12   1624  0.0479885     2224  0.000490305
 425  3.39451e-14   1025 -1.9152e-11    1625  0.0480154     2225  0.000509127
 426 -5.02098e-14   1026  0             1626  0.0480422     2226  0.000527932
 427 -4.8947e-14    1027  0             1627  0.048069      2227  0.00054672
 428  2.20096e-12   1028  0             1628  0.0480958     2228  0.000565492
 429  1.45328e-13   1029  0             1629  0.0481225     2229  0.000584248
 430  4.23037e-13   1030  0             1630  0.0481493     2230  0.000602987
 431 -3.0788e-12    1031  0             1631  0.048176      2231  0.000621709
 432  2.20893e-13   1032  0             1632  0.0469008     2232  0.000640416
 433  0             1033  0             1633  0.0322918     2233  0.000107617
 434  3.84488e-13   1034  0             1634  0.032305      2234  0.000126176
 435 -3.88772e-13   1035  0             1635  0.0323182     2235  0.000144718
 436  0             1036  0             1636  0.0323314     2236  0.000163244
 437  0             1037  0             1637  0.0323446     2237  0.000181753
 438  0             1038  0             1638  0.0323578     2238  0.000200247
 439  1.39293e-12   1039  0             1639  0.0323709     2239  0.000218724
 440  0             1040  0             1640  0.0323841     2240  0.000237185
 441  0             1041  0             1641  0.0323972     2241  0.00025563
 442  0             1042  0             1642  0.0324103     2242  0.000274058
 443  0             1043  0             1643  0.0324234     2243  0.000292471
 444  0             1044  0             1644  0.0324365     2244  0.000310867
 445  1.21893e-11   1045  0             1645  0.0324496     2245  0.000329248
 446  0             1046  0             1646  0.0324627     2246  0.000347612
 447  0             1047  0             1647  0.0324757     2247  0.00036596
 448  8.12109e-12   1048  0             1648  0.0324888     2248  0.000384292
 449  7.93829e-12   1049  0             1649  0.0325018     2249  0.000402608
 450  7.91413e-12   1050  0             1650  0.0325148     2250  0.000420908
 451  7.89017e-12   1051  0             1651  0.0325278     2251  0.000439192
 452  7.86199e-12   1052  0             1652  0.0325408     2252  0.000457459
 453  7.82978e-12   1053  0             1653  0.0325538     2253  0.000475711
 454  7.82384e-12   1054  0             1654  0.0325667     2254  0.000493947
 455  7.83e-12      1055  9.40401e-12   1655  0.0325797     2255  0.000512167
 456  0             1056  9.389e-12     1656 -2.06018e-08   2256  0.000530371
 457 -1.22742e-11   1057  1.70419e-12   1657  0             2257  7.05687e-05
 458  0             1058  0             1658  0             2258  8.86409e-05
 459  0             1059  5.75152e-13   1659  0             2259  0.000106697
 460  0             1060  5.7554e-13    1660  0             2260  0.000124738
 461  0             1061 -2.9976e-17    1661  0             2261  0.000142763
 462  0             1062 -2.53131e-17   1662  0             2262  0.000160772
 463  0             1063  0             1663  0             2263  0.000178765
 464  1.59877e-10   1064  9.41995e-12   1664  0             2264  0.000196742
 465  4.16334e-17   1065  3.07611e-12   1665  0             2265  0.000214704
 466  0             1066  0             1666  0             2266  0.00023265
 467  0             1067  0             1667  0             2267  0.00025058
 468  0             1068  0             1668  0             2268  0.000268494
 469  0             1069  0             1669 -4.96196e-09   2269  0.000286393
 470  1.68256e-11   1070  0             1670  0             2270  0.000304276
 471  0             1071  0             1671  2.05096e-06   2271  0.000322144
 472  0             1072  0             1672  0             2272  0.000339996
 473  0             1073  0             1673  0             2273  0.000357832
 474 -2.77556e-17   1074  0             1674  0             2274  0.000375652
 475  0             1075  0             1675  0             2275  0.000393457
 476  0             1076  1.11196e-12   1676  0             2276  0.000411247
 477  1.38251e-12   1077  1.14768e-12   1677  0             2277  0.00042902
 478  8.07091e-13   1078  1.18272e-12   1678  0             2278  0.000446778
 479  1.12998e-11   1079  1.21778e-12   1679 -5.60777e-08   2279  0.000464521
 480  1.68628e-10   1080  1.37817e-11   1680  0             2280  0.000482248
 481  1.20112e-12   1081  1.07406e-12   1681  0             2281  5.61268e-05
 482  8.09271e-13   1082  7.23591e-13   1682  0             2282  7.37302e-05
 483  8.09271e-13   1083  7.23203e-13   1683  0             2283  9.13181e-05
 484  8.08856e-13   1084  7.22816e-13   1684  0             2284  0.000108891
 485  8.08559e-13   1085  7.22428e-13   1685  0             2285  0.000126448
 486  8.08559e-13   1086  7.22041e-13   1686  0             2286  0.000143989
 487  1.19882e-12   1087  2.14122e-12   1687  0             2287  0.000161516
 488  1.20492e-11   1088  3.97181e-09   1688  0             2288  0.000179027
 489  1.16332e-11   1089  4.36912e-07   1689  0             2289  0.000196522
 490  1.21637e-11   1090  4.80404e-07   1690  0             2290  0.000214003
 491  1.20805e-11   1091  1.36556e-11   1691  0             2291  0.000231468
 492  1.16895e-11   1092  5.61351e-07   1692  0             2292  0.000248917
 493  1.22086e-11   1093  3.97761e-09   1693  0             2293  0.000266352
 494  1.23368e-11   1094  4.8153e-07    1694 -5.45128e-13   2294  0.000283771
 495 -5.14711e-08   1095  4.37915e-07   1695  0             2295  0.000301175
 496  1.21728e-11   1096  3.99244e-09   1696  0             2296  0.000318564
 497  4.86045e-07   1097  3.99846e-09   1697  0             2297  0.000335937
 498  4.86911e-07   1098  4.39837e-08   1698  0             2298  0.000353295
 499  1.23538e-11   1099  4.00898e-08   1699 -7.80821e-09   2299  0.000370638
 500  1.16574e-11   1100  1.25608e-12   1700 -5.13023e-09   2300  0.000387966
 501  1.11909e-11   1101  4.02786e-09   1701  0             2301  0.000405278
 502  1.23299e-11   1102 -8.26814e-08   1702 -2.05688e-08   2302  0.000422576
 503  1.17892e-11   1103  3.6876e-08    1703  8.33139e-13   2303  0.000439858
 504  8.02913e-13   1104  1.06668e-11   1704  0             2304  0.000457125
 505  8.03038e-13   1105  8.16253e-12   1705  0             2305  6.19523e-05
 506  8.04959e-13   1106  5.51665e-12   1706  9.28633e-10   2306  7.91031e-05
 507  8.0659e-13    1107  5.51807e-12   1707  2.74554e-13   2307  9.62388e-05
 508  8.0863e-13    1108  5.5195e-12    1708  0             2308  0.00011336
 509  8.10437e-13   1109  5.52092e-12   1709  0             2309  0.000130465
 510  8.12759e-13   1110  5.52234e-12   1710  0             2310  0.000147556
 511  8.06299e-13   1111  8.17515e-12   1711  0             2311  0.000164632
 512  1.12249e-11   1112  9.32635e-12   1712  0             2312  0.000181693
 513  1.4809e-11    1113  9.26099e-12   1713  0             2313  0.000198738
 514  0             1114  3.41884e-07   1714  0             2314  0.000215769
 515 -5.50765e-09   1115  9.26648e-12   1715  0             2315  0.000232785
 516 -6.2471e-09    1116  9.20112e-12   1716  0             2316  0.000249786
 517  0             1117  3.42149e-07   1717  0             2317  0.000266773
 518  0             1118  9.27472e-12   1718  3.64028e-13   2318  0.000283744
 519  0             1119  9.27747e-12   1719  1.79051e-13   2319  0.0003007
 520  5.66713e-13   1120  3.42412e-07   1720  1.55181e-13   2320  0.000317642
 521  0             1121  9.21485e-12   1721  0             2321  0.000334569
 522  0             1122  3.42588e-07   1722  0             2322  0.000351481
 523  0             1123  3.42675e-07   1723  0             2323  0.000368378
 524  0             1124  0             1724  0             2324  0.00038526
 525  0             1125  3.42851e-07   1725  0             2325  0.000402128
 526  0             1126  9.36485e-12   1726  0             2326  0.00041898
 527  0             1127  9.29948e-12   1727  0             2327  0.000435818
 528  0             1128  1.04952e-11   1728  4.37345e-13   2328  0
 529  0             1129  5.43565e-12   1729  0             2329  0
 530  0             1130  0             1730  0             2330  0
 531  5.59649e-13   1131  2.68372e-12   1731  0             2331  0
 532  5.59649e-13   1132  2.68017e-12   1732 -1.49832e-14   2332  0
 533  5.59649e-13   1133  2.67661e-12   1733  1.46228e-14   2333  0
 534  5.59649e-13   1134  2.67306e-12   1734  0             2334  0
 535  5.5965e-13    1135  3.95085e-12   1735  1.21014e-14   2335  0
 536  7.61821e-13   1136  5.07026e-12   1736  0             2336  0
 537  0             1137  5.06351e-12   1737  0             2337  0
 538  4.9144e-13    1138  5.05673e-12   1738  0             2338  0
 539  6.97206e-13   1139  5.04999e-12   1739  0             2339  0
 540  4.47253e-13   1140  5.04323e-12   1740  0             2340  0
 541  6.31661e-13   1141  5.03647e-12   1741  0             2341  0
 542  3.88328e-13   1142  5.02971e-12   1742  0             2342  0
 543  5.47118e-13   1143  5.02297e-12   1743  0             2343  0
 544  3.48027e-13   1144  5.01621e-12   1744  0             2344  0
 545  4.87332e-13   1145  5.00945e-12   1745  0             2345  0
 546  0             1146  5.00269e-12   1746  0             2346  0
 547 -3.68197e-12   1147  4.99593e-12   1747  0             2347  0
 548  0             1148  4.98918e-12   1748  0             2348  0
 549  1.36065e-12   1149  0             1749  0             2349  0
 550  1.42275e-12   1150  4.97566e-12   1750  0             2350  0
 551  0             1151  4.9689e-12    1751  0             2351  0
 552  1.81757e-11   1152  0             1752  0             2352  0
 553  4.71748e-12   1153  0             1753  0             2353  0
 554  4.10823e-13   1154  2.60222e-12   1754  0             2354  0
 555  4.58106e-13   1155  2.60059e-12   1755  0             2355  0
 556  1.62004e-13   1156  2.59917e-12   1756  0             2356  0
 557  0             1157  2.59774e-12   1757  0.00622224    2357  0
 558  0             1158  0             1758  0.0248591     2358  0
 559  0             1159  3.84044e-12   1759  0.0248801     2359  0
 560  0             1160  0             1760  0.0249011     2360  0
 561  0             1161  0             1761  0.024922      2361  0
 562  0             1162  4.92702e-12   1762  0.0249429     2362  0
 563  0             1163  4.92431e-12   1763  0.0249639     2363  0
 564  1.38778e-17   1164  0             1764  0.0249848     2364  0
 565  0             1165  4.9189e-12    1765  0.0250056     2365  0
 566  0             1166  0             1766  0.0250265     2366  0
 567  1.38778e-17   1167  0             1767  0.0250473     2367  0
 568  0             1168  4.91079e-12   1768  0.0250682     2368  0
 569  0             1169  4.90812e-12   1769  0.025089      2369  1.52194e-12
 570  0             1170  4.90541e-12   1770  0.0251098     2370  0
 571  1.38778e-17   1171  4.90268e-12   1771  0.0251305     2371  0
 572  1.38778e-17   1172  4.89998e-12   1772  0.0251513     2372  0
 573  0             1173  0             1773  0.025172      2373 -3.47042e-13
 574  0             1174  2.60741e-11   1774  0.0251927     2374  0
 575  0             1175  2.87947e-11   1775  0.0252134     2375  0.000576659
 576  0             1176  2.87947e-11   1776  0.0252341     2376  0.000912955
 577  2.37185e-13   1177  7.87267e-12   1777  0.017105      2377 -4.97785e-12
 578  0             1178  0             1778  0.017124      2378  0
 579  0             1179  0             1779  0.0171429     2379  1.36096e-12
 580  0             1180  2.79385e-12   1780  0.0171618     2380  4.74919e-05
 581  0             1181 -1.42109e-15   1781  0.0171807     2381  6.32981e-05
 582  0             1182  2.79528e-12   1782  0.0171996     2382  7.90904e-05
 583  0             1183  0             1783  0.0172184     2383  9.4869e-05
 584  0             1184  0             1784  0.0172373     2384  0.000110634
 585  0             1185  0             1785  0.0172561     2385  0.000126385
 586  6.84818e-12   1186  0             1786  0.0172749     2386  0.000142122
 587  0             1187  0             1787  0.0172937     2387  0.000157845
 588  0             1188 -8.47544e-13   1788  0.0173125     2388  0.000173554
 589  0             1189  0             1789  0.0173312     2389  0.00018925
 590  0             1190  0.0225009     1790  0.01735       2390  0.000204932
 591  0             1191  0.0658015     1791  0.0173687     2391  0.0002206
 592  0             1192  0.0658165     1792  0.0173874     2392  0.000236255
 593  0             1193  0.0658315     1793  0.0174061     2393  0.000251896
 594  0             1194  0.0658465     1794  0.0174248     2394  0.000267523
 595  0             1195  0.0658615     1795  0.0174435     2395  0.000283136
 596  0             1196  0.0658765     1796  0.0174621     2396  0.000298736
 597  0             1197  0.0658914     1797  0.0174807     2397  0.000314322
 598  0             1198  0.0659064     1798  0.0174993     2398  0.000329895
 599  0             1199  0.0659213     1799  0.0175179     2399  0.000345454
 600  0             1200  0             1800  0.0175365     2400  0.000360999
;

### final_model.run:18(353)   display ...
#execute	0.000963	0		89806208
chi [*,*] (tr)
:   Cooling_System OPS Oil Winding    :=
0          0         0   0     0
1          0         0   0     0
2          0         0   0     0
3          0         0   0     0
4          0         0   0     0
5          0         0   0     0
6          0         0   0     0
7          0         0   0     0
8          0         0   0     0
9          0         0   0     0
10         0         0   0     0
11         0         0   0     0
12         0         0   0     0
13         0         0   0     0
14         0         0   0     0
15         0         0   1     0
16         1         0   0     0
17         0         0   0     0
18         0         0   0     0
19         0         0   0     0
20         0         0   0     0
21         0         0   0     0
22         0         0   0     0
23         0         0   0     0
24         0         0   0     0
25         0         0   0     0
26         0         0   0     0
27         0         0   0     0
28         0         0   0     0
29         0         1   1     0
30         0         0   0     0
31         0         0   0     0
32         1         0   0     0
33         0         0   0     0
34         0         0   0     0
35         0         0   0     0
36         0         0   0     0
37         0         0   0     0
38         0         0   0     0
39         0         0   0     0
40         0         0   0     0
41         0         0   0     0
42         0         0   0     0
43         0         0   0     0
44         0         0   0     0
45         0         1   1     0
46         0         0   0     0
47         0         0   0     0
48         0         0   0     0
49         1         0   0     0
50         0         0   0     0
51         0         0   0     0
52         0         0   0     0
53         0         0   0     0
54         0         0   0     0
55         0         0   0     0
56         0         0   0     0
57         0         0   0     0
58         0         0   0     0
59         0         0   0     0
60         0         1   1     0
61         0         0   0     0
62         0         0   0     0
63         0         0   0     0
64         0         0   0     0
65         0         0   0     0
66         0         0   0     0
67         0         0   0     0
68         0         0   1     0
69         0         0   0     0
70         0         0   0     0
71         0         0   0     0
72         0         0   0     0
73         0         0   0     0
74         0         0   0     0
75         0         0   0     0
76         0         0   0     0
77         1         0   0     0
78         0         0   0     0
79         0         0   1     0
80         0         0   0     0
81         0         0   0     0
82         0         0   0     0
83         0         0   0     0
84         0         0   0     0
85         0         0   0     0
86         0         0   0     0
87         0         0   0     0
88         0         0   0     0
89         0         0   0     0
90         0         0   1     0
91         0         0   0     0
92         0         0   0     0
93         0         0   0     0
94         0         0   0     0
95         0         0   0     0
96         0         0   0     0
97         0         0   0     0
98         0         0   0     0
99         0         0   0     0
100        0         0   0     0
;

### final_model.run:19(366)   display ...
#execute	0.000211	2584		89808792