
Cutting planes:
  Gomory: 22
  Implied bound: 16
  MIR: 524
  Flow cover: 1545
  Inf proof: 2
  RLT: 96
  Relax-and-lift: 369

Explored 688292 nodes (458913629 simplex iterations) in 30000.02 seconds
Thread count was 12 (of 12 available processors)

Solution count 10: 299.821 299.819 296.596 ... 258.975

Time limit reached
Best objective 2.998211096134e+02, best bound 1.044367521865e+03, gap 248.3302%
Gurobi 9.1.2: time limit with a feasible solution; objective 299.8211096
458913629 simplex iterations
688292 branch-and-cut nodes
No basis.
No dual variables returned.
4 integer variables rounded to integers; maxerr = 3.46439e-06
profit = 299.821

chi [*,*] (tr)
:  Cooling_System OPS Oil Winding    :=
0         0         0   0     0
1         0         0   0     0
2         0         0   0     0
3         0         0   0     0
4         0         0   0     0
5         0         0   0     0
6         0         0   0     0
7         0         0   1     0
8         0         0   0     0
9         0         0   0     0
10        0         0   0     0
11        0         0   0     0
12        0         0   0     0
13        0         0   0     0
14        0         0   0     0
15        0         0   0     0
16        0         0   0     0
17        0         0   0     0
18        0         0   0     0
19        0         0   0     0
20        0         0   0     0
;

q [*] :=
  1 0.152895     97 0.581556    193 0.22078     289 0.137262    385 0.103281
  2 0.152729     98 0.581556    194 0.22078     290 0.137262    386 0.103281
  3 0.152564     99 0.581556    195 0.22078     291 0.137262    387 0.103281
  4 0.152398    100 0.581556    196 0.22078     292 0.137262    388 0.103281
  5 0.152233    101 0.581556    197 0.22078     293 0.137262    389 0.103281
  6 0.152068    102 0.581556    198 0.22078     294 0.137262    390 0.103281
  7 0.151903    103 0.581556    199 0.22078     295 0.137262    391 0.103281
  8 0.151738    104 0.581556    200 0.22078     296 0.137262    392 0.103281
  9 0.151573    105 0.581556    201 0.22078     297 0.137262    393 0.103281
 10 0.151409    106 0.581556    202 0.22078     298 0.137262    394 0.103281
 11 0.151244    107 0.581556    203 0.22078     299 0.137262    395 0.103281
 12 0.28285     108 0.581556    204 0.22078     300 0.137262    396 0.103281
 13 0.967045    109 0.581556    205 0.22078     301 0.137262    397 0.103281
 14 0.966711    110 0.581556    206 0.22078     302 0.137262    398 0.103281
 15 0.966377    111 0.581556    207 0.22078     303 0.137262    399 0.103281
 16 0.966043    112 0.581556    208 0.22078     304 0.137262    400 0.103281
 17 0.96571     113 0.581556    209 0.22078     305 0.137262    401 0.103281
 18 0.965378    114 0.581556    210 0.22078     306 0.137262    402 0.103281
 19 0.965045    115 0.581556    211 0.22078     307 0.137262    403 0.103281
 20 0.964713    116 0.581556    212 0.22078     308 0.137262    404 0.103281
 21 0.964382    117 0.581556    213 0.22078     309 0.137262    405 0.103281
 22 0.96405     118 0.581556    214 0.22078     310 0.137262    406 0.103281
 23 0.96372     119 0.581556    215 0.22078     311 0.137262    407 0.103281
 24 0.963389    120 0.581556    216 0.22078     312 0.137262    408 0.103281
 25 0.83        121 0.433171    217 0.188847    313 0.128272    409 0.099584
 26 0.75        122 0.433171    218 0.188847    314 0.128272    410 0.0995866
 27 0.64        123 0.433171    219 0.188847    315 0.128272    411 0.0995866
 28 0.7         124 0.433171    220 0.188847    316 0.128272    412 0.0995866
 29 0.64        125 0.433171    221 0.188847    317 0.128272    413 0.0995866
 30 0.7         126 0.433171    222 0.188847    318 0.128272    414 0.0995866
 31 0.83        127 0.433171    223 0.188847    319 0.128272    415 0.0995866
 32 0.9611      128 0.433171    224 0.188847    320 0.128272    416 0.0995866
 33 0.960772    129 0.433171    225 0.188847    321 0.128272    417 0.0995866
 34 0.960445    130 0.433171    226 0.188847    322 0.128272    418 0.0995866
 35 0.960118    131 0.433171    227 0.188847    323 0.128272    419 0.0995866
 36 0.959791    132 0.433171    228 0.188847    324 0.128272    420 0.0995846
 37 0.959465    133 0.433171    229 0.188847    325 0.128272    421 0.0995866
 38 0.959139    134 0.433171    230 0.188847    326 0.128272    422 0.0995866
 39 0.958814    135 0.433171    231 0.188847    327 0.128272    423 0.0995866
 40 0.958488    136 0.433171    232 0.188847    328 0.128272    424 0.0995866
 41 0.958164    137 0.433171    233 0.188847    329 0.128272    425 0.0995866
 42 0.957839    138 0.433171    234 0.188847    330 0.128272    426 0.0995866
 43 0.957515    139 0.433171    235 0.188847    331 0.128272    427 0.0995866
 44 0.957191    140 0.433171    236 0.188847    332 0.128272    428 0.0995866
 45 0.956868    141 0.433171    237 0.188847    333 0.128272    429 0.0995862
 46 0.956544    142 0.433171    238 0.188847    334 0.128272    430 0.0995866
 47 0.956222    143 0.433171    239 0.188847    335 0.128272    431 0.0995866
 48 0.955899    144 0.433171    240 0.188847    336 0.106879    432 0.0995367
 49 0.83        145 0.331103    241 0.166042    337 0.106763    433 0.0966377
 50 0.75        146 0.331103    242 0.166042    338 0.106647    434 0.0966377
 51 0.64        147 0.331103    243 0.166042    339 0.106531    435 0.0966377
 52 0.7         148 0.331103    244 0.166042    340 0.106416    436 0.0966377
 53 0.64        149 0.331103    245 0.166042    341 0.1063      437 0.0966377
 54 0.7         150 0.331103    246 0.166042    342 0.106185    438 0.0966377
 55 0.83        151 0.331103    247 0.166042    343 0.10607     439 0.0966377
 56 0.953664    152 0.331103    248 0.166042    344 0.105955    440 0.0966377
 57 0.953345    153 0.331103    249 0.166042    345 0.10584     441 0.0966345
 58 0.953025    154 0.331103    250 0.166042    346 0.105725    442 0.0966377
 59 0.952706    155 0.331103    251 0.166042    347 0.10561     443 0.0966377
 60 0.952388    156 0.331103    252 0.166042    348 0.105496    444 0.0966377
 61 0.95207     157 0.331103    253 0.166042    349 0.105381    445 0.0966377
 62 0.951752    158 0.331103    254 0.166042    350 0.105267    446 0.0966377
 63 0.951434    159 0.331103    255 0.166042    351 0.105153    447 0.0966377
 64 0.951117    160 0.331103    256 0.166042    352 0.105039    448 0.0966377
 65 0.9508      161 0.331103    257 0.166042    353 0.119599    449 0.0966377
 66 0.950483    162 0.331103    258 0.166042    354 0.119599    450 0.0966377
 67 0.950167    163 0.331103    259 0.166042    355 0.119599    451 0.0966377
 68 0.949851    164 0.331103    260 0.166042    356 0.119599    452 0.0966377
 69 0.949536    165 0.331103    261 0.166042    357 0.119599    453 0.0966377
 70 0.949221    166 0.331103    262 0.166042    358 0.119599    454 0.0966377
 71 0.948906    167 0.331103    263 0.166042    359 0.119599    455 0.0966377
 72 0.948591    168 0.331103    264 0.166042    360 0.119599    456 0.0965991
 73 0.79736     169 0.266039    265 0.1495      361 0.108896    457 0.0940048
 74 0.75        170 0.266039    266 0.1495      362 0.108896    458 0.0940048
 75 0.64        171 0.266039    267 0.1495      363 0.108896    459 0.0940048
 76 0.7         172 0.266039    268 0.1495      364 0.108896    460 0.0940048
 77 0.64        173 0.266039    269 0.1495      365 0.108896    461 0.0940048
 78 0.7         174 0.266039    270 0.1495      366 0.108896    462 0.0940048
 79 0.79736     175 0.266039    271 0.1495      367 0.108896    463 0.0940048
 80 0.79736     176 0.266039    272 0.1495      368 0.108896    464 0.0940048
 81 0.79736     177 0.266039    273 0.1495      369 0.108896    465 0.0940048
 82 0.79736     178 0.266039    274 0.1495      370 0.108896    466 0.0940048
 83 0.79736     179 0.266039    275 0.1495      371 0.108896    467 0.0940048
 84 0.79736     180 0.266039    276 0.1495      372 0.108896    468 0.0940048
 85 0.79736     181 0.266039    277 0.1495      373 0.108896    469 0.0940048
 86 0.79736     182 0.266039    278 0.1495      374 0.108896    470 0.0940048
 87 0.79736     183 0.266039    279 0.1495      375 0.108896    471 0.0940048
 88 0.79736     184 0.266039    280 0.1495      376 0.108896    472 0.0940048
 89 0.79736     185 0.266039    281 0.1495      377 0.108896    473 0.0940048
 90 0.79736     186 0.266039    282 0.1495      378 0.108896    474 0.0940048
 91 0.79736     187 0.266039    283 0.1495      379 0.108896    475 0.0940048
 92 0.79736     188 0.266039    284 0.1495      380 0.108896    476 0.0940048
 93 0.79736     189 0.266039    285 0.1495      381 0.108896    477 0.0940048
 94 0.79736     190 0.266039    286 0.1495      382 0.108896    478 0.0940048
 95 0.79736     191 0.266039    287 0.1495      383 0.108896    479 0.0940048
 96 0.79736     192 0.266039    288 0.1495      384 0.108896    480 0.0940048
;

