Nodes Current_Node  Objective_Bounds Work  Incumbent BestBd   Gap  Depth Time         

     0     0 2370.83491    0  209          - 2370.83491      -     -    1s
     0     0 2370.83308    0  207          - 2370.83308      -     -    1s
     0     0 2370.82772    0  208          - 2370.82772      -     -    2s
     0     0 2370.82555    0  208          - 2370.82555      -     -    3s
     0     0 2370.82542    0  208          - 2370.82542      -     -    3s
     0     0 2370.82448    0  212          - 2370.82448      -     -    3s
H    0     0                    -539.5813681 2370.82448   539%     -    3s
     0     0 2370.82448    0  208 -539.58137 2370.82448   539%     -    4s
H    0     0                    -414.3718367 2369.15846   672%     -    5s
     0     2 2369.15846    0  208 -414.37184 2369.15846   672%     -    6s
H   31    38                    -364.5200000 2369.15846   750%  1012    8s
H   33    38                    -323.8684420 2369.15846   832%   957    8s
H   34    38                      -1.8741076 2369.15846      -   930    8s
    77    84 2369.15846   14  186   -1.87411 2369.15846      -   548   10s
H   96   103                       3.4714693 2365.82774      -   705   13s
H   97   103                       3.4745661 2360.86508      -   707   13s
H   98   103                       3.4800000 2360.86508      -   766   13s
   102   112 2354.74008   18  259    3.48000 2354.74008      -   823   15s
   129   141 2310.02138   23  330    3.48000 2330.00000      -  1134   20s
   281   341 1984.89926   37  536    3.48000 2330.00000      -   978   26s
   376   404 1820.42388   42  618    3.48000 2330.00000      -   922   30s
   403   415 1713.55769   45  672    3.48000 2330.00000      -   955   46s
H  414   421                       3.4800001 2330.00000      -   993   52s
H  415   421                      17.8664117 2330.00000      -   992   52s
H  418   421                      38.0319792 2330.00000  6026%   987   52s
   433   487 1563.35136   49  737   38.03198 2330.00000  6026%  1040   56s
   560   600 1454.70519   89  691   38.03198 2330.00000  6026%   956   61s
   740   811 1378.63552  162  654   38.03198 2330.00000  6026%   806   68s
   891   951 1378.14135  225  591   38.03198 2330.00000  6026%   705   70s
  1003  1053 1377.51953  297  519   38.03198 2330.00000  6026%   651   75s
  1259  1394 1375.92281  420  396   38.03198 2330.00000  6026%   548   81s
  1713  1945 1373.87186  529  287   38.03198 2330.00000  6026%   429   87s
  2240  2417 1373.66320  545  273   38.03198 2330.00000  6026%   337   91s
  3065  3303 1373.51558  551  267   38.03198 2330.00000  6026%   258   96s
  3463  3558 1339.66403  593  139   38.03198 2330.00000  6026%   242  101s
  3655  3832 1311.81923  609  103   38.03198 2330.00000  6026%   240  106s
  4094  4183 1339.16894  620  112   38.03198 2330.00000  6026%   226  110s
  4332  4352  978.73266  629  111   38.03198 2330.00000  6026%   227  115s
  4583  4709 1156.46665  697  143   38.03198 2330.00000  6026%   225  120s
  4946  4979 1155.20280  715  125   38.03198 2330.00000  6026%   219  128s
  5010  5084 1154.67308  720  120   38.03198 2330.00000  6026%   224  130s
  5386  5562 1152.09588  749   91   38.03198 2330.00000  6026%   221  135s
  5690  5766 1150.63399  767   73   38.03198 2330.00000  6026%   223  141s
  6017  6189 1149.75621  783   57   38.03198 2330.00000  6026%   224  148s
H 6246  6189                      60.9521810 2330.00000  3723%   221  177s
  6249  6191 1421.37450  731  208   60.95218 2330.00000  3723%   221  180s
H 6249  5881                      62.4599205 2330.00000  3630%   221  181s
H 6250  5588                      64.1785106 2330.00000  3530%   221  182s
  6252  5589 1465.40817  551  208   64.17851 2330.00000  3530%   221  185s
H 6253  5310                     157.6019975 2330.00000  1378%   221  185s
  6255  5314 2330.00000   15  205  157.60200 2330.00000  1378%   226  201s
  6257  5318 2330.00000   16  204  157.60200 2330.00000  1378%   226  211s
H 6285  5073                     157.6019976 2330.00000  1378%   227  216s
H 6286  4821                     326.2554344 2330.00000   614%   227  216s
  6318  4844 2330.00000   21  247  326.25543 2330.00000   614%   229  220s
  6352  4869 2330.00000   23  242  326.25543 2330.00000   614%   230  225s
  6472  4962 2330.00000   33  250  326.25543 2330.00000   614%   232  230s
  6545  5010 2325.93924   38  272  326.25543 2330.00000   614%   236  235s
H 6572  4774                     326.2554344 2330.00000   614%   237  238s
  6580  4786 2300.71861   41  253  326.25543 2330.00000   614%   238  245s
  6673  4854 2254.01356   53  302  326.25543 2330.00000   614%   247  251s
  6811  4929 2167.90615   67  348  326.25543 2330.00000   614%   256  255s
  6913  4969 2157.48017   84  372  326.25543 2330.00000   614%   259  260s
  7070  5016 2326.96394   20  212  326.25543 2330.00000   614%   265  266s
  7096  5036 2240.42429   23  169  326.25543 2330.00000   614%   268  270s
  7256  5126 1036.79542   30  506  326.25543 2330.00000   614%   278  276s
  7296  5162  822.48992   32  505  326.25543 2330.00000   614%   280  283s
  7354  5201  779.15007   34  529  326.25543 2330.00000   614%   285  287s
  7466  5275  637.82937   38  565  326.25543 2330.00000   614%   290  290s
  7609  5386  406.01185   92  516  326.25543 2330.00000   614%   292  296s
  7792  5439 2319.01883   30  177  326.25543 2330.00000   614%   295  300s
  8027  5546 infeasible   63       326.25543 2330.00000   614%   297  305s
H 8067  5298                     344.0425064 2330.00000   577%   297  305s
  8113  5357 2330.00000   31  262  344.04251 2330.00000   577%   297  310s
H 8166  5123                     344.0425620 2330.00000   577%   297  310s
  8223  5123 2224.84609   39  241  344.04256 2330.00000   577%   298  318s
  8254  5192 1062.94086   46  604  344.04256 2330.00000   577%   302  321s
  8449  5410  516.20080   59  669  344.04256 2330.00000   577%   307  327s
  8686  5629  466.60091  138  614  344.04256 2330.00000   577%   306  330s
  9000  5653  464.47534  225  526  344.04256 2330.00000   577%   305  344s
  9141  5876  464.44051  226  525  344.04256 2330.00000   577%   305  349s
  9501  5869  446.87794  328  462  344.04256 2330.00000   577%   306  353s
  9628  6013  446.87549  329  461  344.04256 2330.00000   577%   312  358s
  9834  6335  445.73149  442  348  344.04256 2330.00000   577%   311  363s
 10253  6216  443.30541  562  228  344.04256 2330.00000   577%   307  375s
 10385  6675  442.92751  574  212  344.04256 2330.00000   577%   313  381s
 10804  6938  440.75844  712   73  344.04256 2330.00000   577%   307  386s
 11245  6925     cutoff  787       344.04256 2330.00000   577%   300  390s
 11447  6921 2070.33909   54  271  344.04256 2330.00000   577%   304  398s
 11534  6984  683.87932   89  237  344.04256 2330.00000   577%   307  404s
 11642  7359  683.87932   90  235  344.04256 2330.00000   577%   313  408s
 12090  7780  394.52672  275  234  344.04256 2330.00000   577%   310  413s
 12688  8173  391.64882  470   39  344.04256 2330.00000   577%   305  419s
 13334  8007     cutoff  508       344.04256 2330.00000   577%   297  422s
 13409  8003     cutoff  507       344.04256 2330.00000   577%   300  428s
 13462  8018     cutoff  506       344.04256 2330.00000   577%   304  431s
 13547  8067 2293.47274   37  228  344.04256 2330.00000   577%   306  435s
 13648  8180 1726.54588   62  424  344.04256 2330.00000   577%   311  440s
 13819  8124 infeasible  126       344.04256 2330.00000   577%   316  455s
 13830  8183 2326.79083   31  213  344.04256 2330.00000   577%   317  465s
 13907  8484 1263.93033   47  534  344.04256 2330.00000   577%   321  471s
 14277  8578     cutoff   61       344.04256 2330.00000   577%   320  481s
 14536  8689     cutoff   61       344.04256 2330.00000   577%   325  491s
 14840  8649  449.77676   58  632  344.04256 2330.00000   577%   332  504s
 14915  8620     cutoff   59       344.04256 2330.00000   577%   337  576s
H14916  8413                     344.0427935 2330.00000   577%   337  576s
H14930  8102                     351.3994395 2330.00000   563%   338  576s
 14931  8197 2326.81100   32  206  351.39944 2330.00000   563%   338  587s
 15055  8213 1082.69531   55  340  351.39944 2330.00000   563%   345  599s
 15126  8260  984.00167   60  311  351.39944 2330.00000   563%   351  608s
 15232  8302  523.45758   66  420  351.39944 2330.00000   563%   353  623s
 15356  8756 2327.15046   38  179  351.39944 2330.00000   563%   362  633s
 15959  8826  554.71455   75  383  351.39944 2330.00000   563%   367  647s
 16318  8934  881.94630   57  354  351.39944 2330.00000   563%   373  657s
 16559  9325     cutoff   64       351.39944 2330.00000   563%   376  671s
 17167  9684 1671.91721   76  360  351.39944 2330.00000   563%   381  683s
 17825  9699 infeasible   71       351.39944 2330.00000   563%   383  696s
 17932 10169  850.51585   59  445  351.39944 2330.00000   563%   388  711s
 18507 10502  396.20416   71  403  351.39944 2330.00000   563%   388  726s
 19005 10638  858.60913   81  406  351.39944 2330.00000   563%   396  747s
 19176 11874     cutoff   90       351.39944 2330.00000   563%   402  760s
 20548 12664     cutoff   90       351.39944 2330.00000   563%   392  773s
 21490 12792     cutoff   94       351.39944 2330.00000   563%   392  791s
 21630 13229 2330.00000   37  218  351.39944 2330.00000   563%   393  804s
 22136 13986 1451.38245   78  404  351.39944 2330.00000   563%   400  819s
H22580 13705                     354.3130853 2330.00000   558%   395  819s
 23126 14009  729.71466   85  260  354.31309 2330.00000   558%   398  832s
 23588 14169  917.88213   51  407  354.31309 2330.00000   558%   402  845s
 23846 14540  995.24974   52  287  354.31309 2330.00000   558%   405  858s
 24325 15469 2330.00000   48  274  354.31309 2330.00000   558%   410  872s
 25329 15470 1917.54988   50  208  354.31309 2330.00000   558%   409 1071s
 25334 15473 1789.58976   74  203  354.31309 2327.54710   557%   409 1077s
 25335 15474  552.28240  219  203  354.31309 2327.45283   557%   409 1080s
 25337 15475  469.67512   97  199  354.31309 2325.69702   556%   409 1085s
 25341 15478  417.30328  587  202  354.31309 2322.64678   556%   409 1091s
 25344 15480 2320.04293   43  202  354.31309 2320.04293   555%   409 1095s
H25344 14705                     354.3130854 2319.66222   555%   409 1097s
 25347 14707 2201.96773   52  202  354.31309 2317.15259   554%   409 1100s
 25351 14710  471.75047   99  202  354.31309 2314.92913   553%   409 1105s
 25355 14712 1049.18641  125  202  354.31309 2309.47097   552%   409 1110s
 25359 14715 2198.55993   56  202  354.31309 2308.03234   551%   408 1116s
 25362 14717 2296.32716   41  202  354.31309 2296.32716   548%   408 1122s
 25364 14718  413.94741  277  200  354.31309 2291.19341   547%   408 1125s
 25368 14721 1128.04498   86  202  354.31309 2284.20630   545%   408 1130s
 25371 14723  391.76865  466  202  354.31309 2283.97846   545%   408 1135s
 25376 14726 2203.08871   56  202  354.31309 2283.85454   545%   408 1140s
 25381 14730 2283.71375   45  202  354.31309 2283.71375   545%   408 1146s
 25385 14732  414.83377   82  202  354.31309 2283.56857   545%   408 1150s
 25389 14735 1879.08654   70  202  354.31309 2283.39802   544%   408 1155s
 25393 14738 2256.03592   57  202  354.31309 2282.59047   544%   408 1160s
 25396 14740 2248.16954   63  198  354.31309 2282.18316   544%   408 1165s
 25398 14741  356.40988  512  204  354.31309 2281.97505   544%   408 1172s
 25400 14742 2222.26502   50  204  354.31309 2281.74161   544%   408 1175s
 25405 14746 1566.95052   87  204  354.31309 2281.45790   544%   408 1181s
 25409 14748 2281.16513   57  204  354.31309 2281.16513   544%   408 1185s
 25415 14752  586.00964  133  204  354.31309 2280.04157   544%   408 1191s
 25419 14755 1093.28434   25  204  354.31309 2279.79697   543%   408 1195s
 25424 14758  625.07871  137  204  354.31309 2279.41467   543%   407 1200s
 25429 14762 1917.54988   50  204  354.31309 2278.25749   543%   407 1206s
 25433 14764 2277.98401   39  204  354.31309 2277.98401   543%   407 1210s
 25436 14766 1077.95167   98  204  354.31309 2277.77748   543%   407 1225s
 25441 14770  417.30328  587  204  354.31309 2274.59563   542%   407 1231s
 25445 14772 1708.22353   76  204  354.31309 2273.89106   542%   407 1236s
 25449 14775 1094.51702  102  204  354.31309 2273.10242   542%   407 1240s
 25455 14779 1049.18641  125  204  354.31309 2272.66580   541%   407 1246s
 25458 14781 2115.09189   49  198  354.31309 2272.42447   541%   407 1251s
 25461 14783 2272.22808   55  202  354.31309 2272.22808   541%   407 1255s
 25467 14787 1962.59918   43  202  354.31309 2271.03687   541%   407 1261s
 25471 14790  391.76865  466  202  354.31309 2270.50307   541%   407 1265s
 25473 14791  407.88896  280  202  354.31309 2269.69637   541%   407 1270s
 25479 14795 1708.23588   73  202  354.31309 2268.02443   540%   407 1276s
 25482 14797 2267.26794   39  200  354.31309 2267.26794   540%   407 1281s
 25485 14799  414.83377   82  200  354.31309 2266.44089   540%   406 1285s
 25489 14802 1879.08654   70  200  354.31309 2265.93064   540%   406 1290s
 25492 14804 2265.71909   47  200  354.31309 2265.71909   539%   406 1295s
 25497 14807  451.61784  244  200  354.31309 2265.43652   539%   406 1300s
 25501 14810 1984.26439   84  200  354.31309 2264.79682   539%   406 1306s
H25501 14067                     354.3130857 2264.79682   539%   406 1308s
 25504 14069  391.67949  469  200  354.31309 2264.08699   539%   406 1310s
 25508 14071 2216.55057   56  200  354.31309 2262.95595   539%   406 1315s
 25512 14074 2116.56626   59  200  354.31309 2261.71208   538%   406 1323s
 25513 14075  410.24002  257  200  354.31309 2259.94684   538%   406 1325s
 25517 14077 1954.34523   67  200  354.31309 2258.62294   537%   406 1330s
 25521 14080  610.85486  138  200  354.31309 2257.77227   537%   406 1335s
 25524 14082  625.07871  137  200  354.31309 2257.40787   537%   406 1340s
 25527 14084  464.04973  231  200  354.31309 2257.15146   537%   406 1345s
 25530 14086  412.13001  220  196  354.31309 2256.95162   537%   406 1353s
 25531 14087  364.90952  198  196  354.31309 2256.95162   537%   406 1370s
 25532 14090 2256.95162   29  193  354.31309 2256.95162   537%   410 1391s
 25534 14094 2256.95162   30  191  354.31309 2256.95162   537%   410 1409s
 25538 14098 2256.95162   31  191  354.31309 2256.95162   537%   410 1429s
 25544 14102 2256.95162   32  190  354.31309 2256.95162   537%   410 1430s
 25562 14117 2256.95162   33  188  354.31309 2256.95162   537%   410 1435s
 25571 14124 2256.95162   34  188  354.31309 2256.95162   537%   410 1449s
 25581 14127 2256.95162   34  187  354.31309 2256.95162   537%   410 1450s
 25587 14135 2256.95162   35  201  354.31309 2256.95162   537%   410 1467s
 25597 14143 2256.95162   35  181  354.31309 2256.95162   537%   410 1476s
 25608 14148 2256.95162   36  196  354.31309 2256.95162   537%   410 1483s
 25625 14160 2256.95162   37  186  354.31309 2256.95162   537%   410 1488s
 25635 14166 2256.95162   37  173  354.31309 2256.95162   537%   410 1511s
 25644 14177 2256.95162   38  185  354.31309 2256.95162   537%   410 1515s
 25669 14191 2256.95162   40  197  354.31309 2256.95162   537%   411 1520s
 25697 14208 2256.95162   42  180  354.31309 2256.95162   537%   411 1556s
 25708 14221 2256.95162   42  161  354.31309 2256.95162   537%   412 1588s
 25724 14240 2007.80866   43  151  354.31309 2256.95162   537%   413 1591s
 25749 14251 2256.95162   44  190  354.31309 2256.95162   537%   413 1613s
 25770 14261 2256.95162   46  204  354.31309 2256.95162   537%   415 1638s
 25787 14275 2256.95162   46  220  354.31309 2256.95162   537%   417 1665s
 25807 14285 2256.95162   47  219  354.31309 2256.95162   537%   419 1683s
 25825 14307 2256.95162   48  255  354.31309 2256.95162   537%   421 1710s
 25853 14323 2256.95162   51  250  354.31309 2256.95162   537%   424 1722s
 25879 14362 2256.95162   55  242  354.31309 2256.95162   537%   425 1732s
 25928 14382 2246.79698   61  236  354.31309 2256.95162   537%   427 1741s
 25965 14430 2242.74758   68  253  354.31309 2256.95162   537%   429 1749s
 26025 14434 2196.93632   75  218  354.31309 2256.95162   537%   430 1758s
 26064 14477 2202.39283   77  248  354.31309 2256.95162   537%   432 1763s
 26120 14501 1092.28755   81  426  354.31309 2256.95162   537%   434 1776s
 26163 14535 2084.16294   82  315  354.31309 2256.95162   537%   435 1793s
 26211 14563 2049.20012   87  328  354.31309 2256.95162   537%   438 1806s
 26261 14586 1012.82402   92  409  354.31309 2256.95162   537%   442 1822s
 26315 14605 1012.89194   92  409  354.31309 2256.95162   537%   444 1830s
 26352 14629  987.27255   93  424  354.31309 2256.95162   537%   448 1839s
 26392 14689  967.31067   96  417  354.31309 2256.95162   537%   451 1844s
 26467 14765  926.32187   99  431  354.31309 2256.95162   537%   453 1851s
 26578 14794  684.49607  103  454  354.31309 2256.95162   537%   455 1858s
 26648 14842  557.62338  106  448  354.31309 2256.95162   537%   457 1864s
 26730 14958  536.34654  110  445  354.31309 2256.95162   537%   459 1871s
 26893 15037  540.45802  122  433  354.31309 2256.95162   537%   461 1878s
 27044 15041  540.32897  134  421  354.31309 2256.95162   537%   463 1888s
 27109 15257  540.30741  136  419  354.31309 2256.95162   537%   464 1895s
 27348 15301  540.09977  150  405  354.31309 2256.95162   537%   465 1908s
 27496 15363     cutoff  152       354.31309 2256.95162   537%   466 1915s
 27672 15441 2153.81742   48  254  354.31309 2256.95162   537%   466 1925s
 27827 15452  780.53831   51  371  354.31309 2256.95162   537%   469 1937s
 27906 15524  780.53831   52  371  354.31309 2256.95162   537%   469 1944s
 28044 15524  677.68339   62  439  354.31309 2256.95162   537%   471 1953s
 28120 15615  555.62335   64  450  354.31309 2256.95162   537%   473 1961s
 28264 15758  435.35144   68  445  354.31309 2256.95162   537%   475 1970s
 28509 15799 2256.95162   37  188  354.31309 2256.95162   537%   477 1980s
 28646 15931 2256.95162   49  180  354.31309 2256.95162   537%   481 1990s
 28872 15974 2159.58584   70  190  354.31309 2256.95162   537%   486 2004s
 29023 16031 1226.01706   54  558  354.31309 2256.95162   537%   491 2024s
 29188 16070 2110.31298   64  257  354.31309 2256.95162   537%   496 2037s
 29282 16258 1476.43511   70  234  354.31309 2256.95162   537%   502 2054s
 29586 16342 2179.79488   55  301  354.31309 2256.95162   537%   506 2065s
 29773 16441  930.51927   76  368  354.31309 2256.95162   537%   508 2077s
 29968 16545 2256.95162   51  218  354.31309 2256.95162   537%   512 2090s
 30147 16768 2004.30595   59  197  354.31309 2256.95162   537%   515 2106s
 30513 16815  430.25537  114  196  354.31309 2256.95162   537%   518 2120s
 30698 16759 1898.51960   78  399  354.31309 2256.95162   537%   523 2232s
 30704 16894 1897.76716   79  398  354.31309 2256.95162   537%   523 2245s
 30859 16918 2058.05262   61  179  354.31309 2256.95162   537%   525 2340s
 30950 17056 1054.75558  105  426  354.31309 2256.95162   537%   527 2353s
 31155 17351  468.95345  156  376  354.31309 2256.95162   537%   529 2370s
 31602 17486 2102.43228   73  198  354.31309 2256.95162   537%   531 2388s
 31952 17692 2104.48815   85  338  354.31309 2256.95162   537%   537 2407s
 32344 17814 1813.36208   69  338  354.31309 2256.95162   537%   546 2424s
 32625 18144  550.14869  155  396  354.31309 2256.95162   537%   550 2443s
 33151 18418  355.87153  356  133  354.31309 2256.95162   537%   554 2462s
 33726 18411 2057.59093   68  242  354.31309 2256.95162   537%   559 2483s
 33913 18736 1810.97281   74  212  354.31309 2256.95162   537%   566 2508s
 34301 19014 1653.40397   87  266  354.31309 2256.95162   537%   572 2529s
 34748 19267 1514.81026  102  323  354.31309 2256.95162   537%   576 2551s
 35218 19599 1003.43390  117  512  354.31309 2256.95162   537%   579 2575s
 35832 19750  433.74715  137  699  354.31309 2256.95162   537%   586 2598s
 36343 19760 2165.68279   57  171  354.31309 2256.95162   537%   591 2621s
 36567 19912     cutoff  104       354.31309 2256.95162   537%   597 2647s
 36943 20108 1869.88241   62  153  354.31309 2256.95162   537%   605 2673s
 37354 20609 1976.15259   68  227  354.31309 2256.95162   537%   613 2702s
 38079 21689 1070.98615   99  528  354.31309 2256.95162   537%   616 2743s
 39651 21264  456.75131  110  346  354.31309 2256.95162   537%   617 2757s
 39828 21308 2155.12776   64  156  354.31309 2256.95162   537%   620 2777s
 39959 21607 1495.04342   77  599  354.31309 2256.95162   537%   622 2801s
 40405 22124 1455.15887  102  570  354.31309 2256.95162   537%   625 2823s
 41200 22143 1914.77739   83  497  354.31309 2256.95162   537%   626 2847s
 41550 22513  602.54013  118  659  354.31309 2256.95162   537%   630 2869s
 42144 22639 2066.98177   79  454  354.31309 2256.95162   537%   634 2890s
 42541 22815  722.57115  147  737  354.31309 2256.95162   537%   643 2912s
 42962 22940 2126.00488   62  220  354.31309 2256.95162   537%   648 2937s
 43325 23403     cutoff   91       354.31309 2256.95162   537%   651 2961s
 44033 23468 2256.95162   68  215  354.31309 2256.95162   537%   654 2994s
 44462 23588 2101.56102   70  247  354.31309 2256.95162   537%   657 3015s
 44763 24079     cutoff  109       354.31309 2256.95162   537%   660 3044s
 45562 24179  601.22733  149  753  354.31309 2256.95162   537%   662 3068s
 46060 24186 2256.95162   62  139  354.31309 2256.95162   537%   666 3097s
 46317 24655 1306.58050   95  765  354.31309 2256.95162   537%   668 3121s
 47002 24858  430.80277  125  652  354.31309 2256.95162   537%   669 3146s
 47544 25075  435.50774  111  287  354.31309 2256.95162   537%   668 3172s
 48150 25355  354.43335  111  299  354.31309 2256.95162   537%   673 3198s
 48810 25399 2256.95162   64  244  354.31309 2256.95162   537%   677 3222s
 49139 26077  563.58442   89  383  354.31309 2256.95162   537%   680 3248s
 50164 26238 2193.48585   63  209  354.31309 2256.95162   537%   678 3274s
 50819 26320  547.68483   80  570  354.31309 2256.95162   537%   683 3308s
 51246 27133 2191.35038   73  225  354.31309 2256.95162   537%   688 3366s
 52738 27297 1039.61783   78  310  354.31309 2256.95162   537%   696 3396s
 53518 27161  555.13937  111  690  354.31309 2256.95162   537%   701 3425s
 53718 27682 2169.92627   75  235  354.31309 2256.95162   537%   707 3454s
 54455 27567 infeasible   81       354.31309 2256.95162   537%   711 3479s
 54622 27938 1317.07899   86  640  354.31309 2256.95162   537%   715 3512s
 55358 27882  435.45968  112  869  354.31309 2256.95162   537%   720 3541s
 55654 28619  984.79316   74  453  354.31309 2256.95162   537%   722 3573s
 56594 29022  356.50919  281  290  354.31309 2256.95162   537%   723 3601s
 57663 28939  808.81380   95  440  354.31309 2256.95162   537%   721 3625s
 58081 29164 2256.95162   69  243  354.31309 2256.95162   537%   722 3656s
 58584 29748  380.49468  166  530  354.31309 2256.95162   537%   722 3686s
 59598 29487 2133.94112   66  319  354.31309 2256.95162   537%   723 3716s
 59712 29752 1055.39673   77  430  354.31309 2256.95162   537%   728 3740s
 60125 29807 1897.70062   85  306  354.31309 2256.95162   537%   732 3766s
 60428 30188  736.94361   64  300  354.31309 2256.95162   537%   735 3790s
 61004 30812  360.45702  306  259  354.31309 2256.95162   537%   735 3828s
 61942 30820 1475.92733  100  553  354.31309 2256.95162   537%   734 3853s
 62403 32027  755.09894  101  348  354.31309 2256.95162   537%   736 3881s
 63902 32154  939.30325   96  321  354.31309 2256.95162   537%   728 3916s
 64667 32061  379.95734  168  327  354.31309 2256.95162   537%   731 3947s
 64924 32669 1880.90956   68  214  354.31309 2256.95162   537%   734 3980s
 65907 32610 1802.25345   85  323  354.31309 2256.95162   537%   736 4007s
 66234 32895 1494.16927  100  368  354.31309 2256.95162   537%   742 4037s
 66826 33535 1419.86518  115  463  354.31309 2256.95162   537%   745 4065s
 67779 33996  655.47585  133  598  354.31309 2256.95162   537%   741 4092s
 68743 35362  406.41641  223  569  354.31309 2256.95162   537%   740 4119s
 70291 35691  384.86563  526  265  354.31309 2256.95162   537%   732 4138s
 70728 36179 1782.05490   75  274  354.31309 2256.95162   537%   731 4161s
 71342 36890  365.13572  119  465  354.31309 2256.95162   537%   731 4187s
 72155 37661     cutoff  179       354.31309 2256.95162   537%   729 4208s
H72600 35993                     360.9271315 2256.95162   525%   725 4208s
 73129 36215     cutoff  103       360.92713 2256.95162   525%   724 4230s
 73497 36547  509.55487  107  391  360.92713 2256.95162   525%   724 4257s
 73938 36732 1015.18527   92  561  360.92713 2256.95162   525%   727 4282s
 74171 37114  435.64844  148  484  360.92713 2256.95162   525%   729 4308s
 74705 37401 1617.16260  102  429  360.92713 2256.95162   525%   730 4345s
 75113 37602 1156.70087   70  278  360.92713 2256.95162   525%   731 4372s
 75368 37788  512.92825   89  351  360.92713 2256.95162   525%   732 4395s
 75652 38163  385.04446  112  450  360.92713 2256.95162   525%   735 4422s
 76069 38871  555.50992  144  521  360.92713 2256.95162   525%   736 4457s
*76631 38592             573     361.6932885 2256.95162   524%   732 4457s
 77044 38987 2256.95162   73  311  361.69329 2256.95162   524%   732 4495s
 77511 39911  451.66461  109  458  361.69329 2256.95162   524%   734 4550s
 78678 40334 1663.22500   92  410  361.69329 2256.95162   524%   737 4581s
 79172 40649 1699.29400   67  265  361.69329 2256.95162   524%   739 4617s
 79536 41188 2256.95162   36  200  361.69329 2256.95162   524%   741 4660s
 80281 41830  520.64537   94  445  361.69329 2256.95162   524%   742 4700s
 81085 42266 2256.95162   43  253  361.69329 2256.95162   524%   743 4741s
 81575 42983  546.37936  137  560  361.69329 2256.95162   524%   744 4784s
 82664 44005 infeasible  114       361.69329 2256.95162   524%   744 4811s
H83483 40769                     378.1881212 2256.95162   497%   739 4811s
 83908 41190 2044.43196   46  286  378.18812 2256.95162   497%   739 4844s
 84526 41536  940.49819   78  490  378.18812 2256.95162   497%   740 4870s
 84957 42189  622.32976   73  693  378.18812 2256.95162   497%   741 4902s
 85736 42195 2256.95162   57  182  378.18812 2256.95162   497%   741 5033s
H85738 41589                     381.9094327 2256.95162   491%   741 5033s
 85742 41936 2256.95162   58  211  381.90943 2256.95162   491%   741 5054s
 86100 42892 1991.78778   81  411  381.90943 2256.95162   491%   742 5086s
 87189 43570 2256.95162   45  223  381.90943 2256.95162   491%   737 5118s
 88010 43818  822.11638  104  423  381.90943 2256.95162   491%   738 5144s
 88294 44497  438.78860   94  496  381.90943 2256.95162   491%   739 5176s
 89205 45385 2256.95162   55  196  381.90943 2256.95162   491%   739 5207s
 90246 46307 1258.97508   85  392  381.90943 2256.95162   491%   738 5247s
 91309 46854  405.10425  207  512  381.90943 2256.95162   491%   737 5273s
 92013 47009 1165.08673   68  481  381.90943 2256.95162   491%   736 5295s
 92212 47218 1021.52875   70  569  381.90943 2256.95162   491%   738 5321s
 92483 48108 2256.95162   58  163  381.90943 2256.95162   491%   740 5351s
 93492 48125 1066.93525  100  392  381.90943 2256.95162   491%   738 5417s
H93518 48125                     381.9094327 2256.95162   491%   738 5417s
 93519 48411  550.53972  117  485  381.90943 2256.95162   491%   738 5436s
 93846 49402  433.33182  177  429  381.90943 2256.95162   491%   738 5466s
 95014 49763 1056.07166  106  537  381.90943 2256.95162   491%   735 5490s
 95624 50037 1864.74626   80  304  381.90943 2256.95162   491%   735 5515s
 96103 50343 2188.27505   75  249  381.90943 2256.95162   491%   737 5545s
 96557 50542     cutoff  119       381.90943 2256.95162   491%   738 5567s
 96792 50859 1552.07228   88  352  381.90943 2256.95162   491%   739 5592s
 97222 51245 1175.60155  105  587  381.90943 2256.95162   491%   740 5618s
 97803 51384 1808.53572   74  306  381.90943 2256.95162   491%   740 5640s
 97994 51822  895.37906   81  290  381.90943 2256.95162   491%   742 5668s
 98629 51955 2256.95162   67  149  381.90943 2256.95162   491%   743 5693s
 98786 52179 1069.12194   79  408  381.90943 2256.95162   491%   746 5722s
 99044 52572 1836.01160   62  457  381.90943 2256.95162   491%   748 5755s
 99655 53340 1711.14384   71  178  381.90943 2256.95162   491%   750 5783s
 100491 53860 2256.95162   56  175  381.90943 2256.95162   491%   747 5820s
 101181 54231  729.80915   86  522  381.90943 2256.95162   491%   748 5851s
 101682 54866 2254.14208   67  287  381.90943 2256.95162   491%   749 5889s
 102694 54970 1110.58740   95  603  381.90943 2256.95162   491%   748 5916s
 102872 55824  742.33849  102  604  381.90943 2256.95162   491%   749 5968s
 104005 55946 infeasible   97       381.90943 2256.95162   491%   751 5992s
 104173 56319  517.41113  103  585  381.90943 2256.95162   491%   752 6030s
 104791 56735     cutoff  109       381.90943 2256.95162   491%   754 6070s
 105361 57874 2256.95162   46  194  381.90943 2256.95162   491%   755 6114s
 106725 58177 1872.86953   68  255  381.90943 2256.95162   491%   754 6144s
 107078 58831 1192.53708   75  488  381.90943 2256.95162   491%   755 6182s
 107950 59443  913.31849  102  771  381.90943 2256.95162   491%   756 6219s
 108714 60002 1489.76358   99  614  381.90943 2256.95162   491%   757 6256s
 109452 60205 1569.52520   71  479  381.90943 2256.95162   491%   758 6288s
 109722 60696 2059.23032   63  344  381.90943 2256.95162   491%   760 6327s
 110531 60938  733.82927  102  658  381.90943 2256.95162   491%   762 6357s
 110845 61561 1077.29032   84  562  381.90943 2256.95162   491%   764 6396s
 111658 61727  526.60808  113  636  381.90943 2256.95162   491%   766 6432s
 111893 62220 2173.73576   62  270  381.90943 2256.95162   491%   767 6469s
 112626 62511  427.52418   98  735  381.90943 2256.95162   491%   768 6506s
 113032 62679 1614.71508   82  444  381.90943 2256.95162   491%   771 6535s
 113212 63040 1395.07631   89  510  381.90943 2256.95162   491%   774 6575s
 113663 63146  806.83241   93  466  381.90943 2256.95162   491%   777 6605s
 113817 63683  889.41019   64  365  381.90943 2256.95162   491%   778 6650s
 114579 64294 1253.48194   67  569  381.90943 2256.95162   491%   780 6694s
 115504 64641  862.51539   90  728  381.90943 2256.95162   491%   781 6735s
 115913 66122  418.87608  107  750  381.90943 2256.95162   491%   782 6823s
 117842 66616 1836.87942   66  336  381.90943 2256.95162   491%   783 6860s
 118488 66877 1558.00727   76  653  381.90943 2256.95162   491%   785 6894s
 118837 67410 1646.82506   64  539  381.90943 2256.95162   491%   786 6935s
 119551 67663  918.58848   71  629  381.90943 2256.95162   491%   788 6968s
 119984 68267 1513.78795   73  526  381.90943 2256.95162   491%   789 7008s
 120869 69062 1974.57811   74  445  381.90943 2256.95162   491%   790 7049s
 121848 69462 infeasible   92       381.90943 2256.95162   491%   790 7083s
 122332 70327  960.17415   76  331  381.90943 2256.95162   491%   791 7123s
 123426 71183 1878.70350   61  251  381.90943 2256.95162   491%   790 7160s
 124474 71757 2256.95162   63  247  381.90943 2256.95162   491%   790 7196s
 125257 72081  543.15885   95  570  381.90943 2256.95162   491%   790 7224s
 125696 72581 1267.34109   77  477  381.90943 2256.95162   491%   791 7259s
 126481 72891  855.03185   66  507  381.90943 2256.95162   491%   791 7291s
 126840 73597 1829.61925   75  315  381.90943 2256.95162   491%   793 7327s
 127746 73910 infeasible   84       381.90943 2256.95162   491%   793 7357s
 128162 74478 2256.95162   57  191  381.90943 2256.95162   491%   794 7402s
 128997 75134 2256.95162   60  167  381.90943 2256.95162   491%   795 7438s
 129972 75289 infeasible  116       381.90943 2256.95162   491%   794 7461s
 130175 75710 1084.77859   74  394  381.90943 2256.95162   491%   796 7494s
 130732 76424 1764.32697   72  179  381.90943 2256.95162   491%   796 7527s
 131650 76549  997.58465   73  526  381.90943 2256.95162   491%   796 7558s
 131855 77216 1403.45591   57  561  381.90943 2256.95162   491%   797 7592s
 132601 77450 1205.86757   94  548  381.90943 2256.95162   491%   798 7621s
 132949 77822  895.95486   96  541  381.90943 2256.95162   491%   798 7653s
 133424 78601  430.50224  103  652  381.90943 2256.95162   491%   799 7688s
 134329 79100 1824.25349   67  156  381.90943 2256.95162   491%   798 7723s
 135122 79295 1822.81938   68  141  381.90943 2256.95162   491%   798 7747s
 135352 79943 2256.95162   65  188  381.90943 2256.95162   491%   798 7779s
 136164 80416 1370.11718   90  420  381.90943 2256.95162   491%   798 7810s
 136810 81607 1753.07215   85  384  381.90943 2256.95162   491%   799 7840s
 138170 81888 2070.04228   75  236  381.90943 2256.95162   491%   795 7863s
 138488 82516 1752.61292   73  258  381.90943 2256.95162   491%   795 7894s
 139322 82857 2256.95162   59  212  381.90943 2256.95162   491%   795 7921s
 139747 83281 1457.22384   84  479  381.90943 2256.95162   491%   796 7951s
 140335 83529 1033.88185   87  288  381.90943 2256.95162   491%   797 7977s
 140659 84295 1233.85529   82  580  381.90943 2256.95162   491%   798 8020s
 141667 84797 1512.61322   84  401  381.90943 2256.95162   491%   799 8047s
 142300 84980 1249.31606   96  497  381.90943 2256.95162   491%   799 8069s
 142524 84986 2238.89904   53  201  381.90943 2256.95162   491%   799 8217s
 142530 85154 2198.71436   54  199  381.90943 2256.95162   491%   799 8239s
 142744 85326  480.68416  116  346  381.90943 2256.95162   491%   800 8264s
 142957 85653  730.95597   79  541  381.90943 2256.95162   491%   802 8297s
 143497 86347  698.59988   74  667  381.90943 2256.95162   491%   803 8335s
 144360 86445  622.89067  103  606  381.90943 2256.95162   491%   803 8363s
 144458 86856  872.55635  102  533  381.90943 2256.95162   491%   804 8399s
 145007 87653     cutoff  109       381.90943 2256.95162   491%   805 8435s
 146011 87936 2141.86878   60  195  381.90943 2256.95162   491%   805 8462s
 146403 88574  461.69213   99  704  381.90943 2256.95162   491%   805 8497s
 147239 88929 infeasible   74       381.90943 2256.95162   491%   805 8526s
 147685 89251 2085.25536   67  174  381.90943 2256.95162   491%   806 8556s
 148216 89744 2137.53677   84  293  381.90943 2256.95162   491%   806 8591s
 148978 90023 2256.95162   56  185  381.90943 2256.95162   491%   806 8623s
 149370 90647 1492.74151   84  340  381.90943 2256.95162   491%   807 8656s
 150154 91224 1190.91728   98  492  381.90943 2256.95162   491%   807 8689s
 150932 91851 1282.77651   87  159  381.90943 2256.95162   491%   807 8723s
 151720 92052 1964.45058   79  239  381.90943 2256.95162   491%   807 8758s
 151995 92639 2020.65983   78  420  381.90943 2256.95162   491%   808 8799s
 152798 93708 2256.95162   59  250  381.90943 2256.95162   491%   809 8848s
 154130 94250 infeasible  131       381.90943 2256.95162   491%   808 8889s
 154800 95566     cutoff   78       381.90943 2256.95162   491%   809 8959s
 156516 96126  884.42878   97  447  381.90943 2256.95162   491%   809 8999s
H157444 96155                     381.9094357 2256.95162   491%   810 9062s
 157497 96357  655.32911   90  683  381.90944 2256.95162   491%   810 9092s
 157767 97299  421.23211   91  761  381.90944 2256.95162   491%   810 9139s
 158924 97971 1380.09242   95  465  381.90944 2256.95162   491%   811 9183s
 159932 98551     cutoff  100       381.90944 2256.95162   491%   811 9221s
 161064 98843 1132.26729   89  633  381.90944 2256.95162   491%   811 9250s
 161411 99200  741.77743  104  707  381.90944 2256.95162   491%   812 9291s
 162039 99685  451.33552  118  748  381.90944 2256.95162   491%   813 9334s
 162772 100048  424.74675  132  731  381.90944 2256.95162   491%   814 9375s
 163392 100334  443.49731   77  493  381.90944 2256.95162   491%   816 9408s
 163756 101262 1903.52661   87  419  381.90944 2256.95162   491%   816 9452s
 164883 102041  609.61432  120  727  381.90944 2256.95162   491%   816 9495s
 166024 102402 1564.63522   89  607  381.90944 2256.95162   491%   817 9534s
 166706 102600 infeasible   59       381.90944 2256.95162   491%   818 9579s
 167030 104708  526.05257   93  641  381.90944 2256.95162   491%   820 9718s
 169746 104934 1086.04472   77  719  381.90944 2256.95162   491%   822 9755s
 170073 105613 2094.00935   65  182  381.90944 2256.95162   491%   823 9811s
 171222 105892  502.68813  107  811  381.90944 2256.95162   491%   824 9856s
 171690 106042  455.33609  118  803  381.90944 2256.95162   491%   824 9899s
 171992 107114  427.57573  137  779  381.90944 2256.95162   491%   826 9958s
 173362 107701 2256.95162   59  197  381.90944 2256.95162   491%   825 10008s
 174064 108319 1582.14332   65  457  381.90944 2256.95162   491%   827 10060s
 174845 108789 1960.39600   62  496  381.90944 2256.95162   491%   829 10105s
 175459 109877  428.68167  111  751  381.90944 2256.95162   491%   829 10159s
 176830 110323  861.89324   98  571  381.90944 2256.95162   491%   829 10205s
 177434 111469  574.82746  107  833  381.90944 2256.95162   491%   829 10260s
 178848 111820 1152.80948   89  598  381.90944 2256.95162   491%   828 10303s
 179287 112597  444.24433  100  516  381.90944 2256.95162   491%   829 10355s
 180395 112998 1053.38040  103  394  381.90944 2256.95162   491%   830 10390s
 180876 113811  663.59097  107  352  381.90944 2256.95162   491%   830 10443s
 181973 114201 1002.32232   90  589  381.90944 2256.95162   491%   830 10480s
 182483 115361     cutoff   94       381.90944 2256.95162   491%   831 10535s
 183902 116452 1654.05787   60  471  381.90944 2256.95162   491%   830 10580s
 185324 116922     cutoff   78       381.90944 2256.95162   491%   829 10618s
 185941 117245  584.47767  123  399  381.90944 2256.95162   491%   829 10651s
 186394 118281 1222.80505   71  378  381.90944 2256.95162   491%   830 10694s
 187832 118976 1436.63307   83  260  381.90944 2256.95162   491%   828 10731s
 188790 119175  556.80247   98  498  381.90944 2256.95162   491%   827 10764s
 189093 119650 1812.10325   72  290  381.90944 2256.95162   491%   828 10801s
 189806 119763  502.78870  109  570  381.90944 2256.95162   491%   829 10831s
 190077 120136 1452.91849   64  555  381.90944 2256.95162   491%   830 10865s
 190607 120961     cutoff   97       381.90944 2256.95162   491%   830 10907s
 191780 121852 2256.95162   57  149  381.90944 2256.95162   491%   830 10954s
 192880 122674  413.33851   91  636  381.90944 2256.95162   491%   829 10994s
 193872 123440  421.50147  139  614  381.90944 2256.95162   491%   829 11033s
 194892 123644 infeasible   61       381.90944 2256.95162   491%   828 11060s
 195158 123854 1698.19647   80  430  381.90944 2256.95162   491%   829 11093s
 195390 124490  939.04006   97  593  381.90944 2256.95162   491%   830 11134s
 196125 124812 infeasible  130       381.90944 2256.95162   491%   831 11169s
 196637 125693  428.76633  101  475  381.90944 2256.95162   491%   831 11211s
 197859 126267 1801.42126   83  317  381.90944 2256.95162   491%   830 11251s
 198619 126423  614.09705   70  393  381.90944 2256.95162   491%   830 11287s
 198836 127205     cutoff   84       381.90944 2256.95162   491%   832 11330s
 199776 127329  503.69193  110  815  381.90944 2256.95162   491%   832 11395s
 199968 128153 1087.38006   76  613  381.90944 2256.95162   491%   832 11440s
 201056 128303     cutoff  105       381.90944 2256.95162   491%   832 11474s
 201320 128816  636.46309   74  482  381.90944 2256.95162   491%   833 11595s
 202082 129235 2256.95162   63  311  381.90944 2256.95162   491%   833 11631s
 202563 130554 1480.04171   84  376  381.90944 2256.95162   491%   833 11683s
 204148 131212 1227.75603  101  572  381.90944 2256.95162   491%   831 11728s
 205054 131704     cutoff   98       381.90944 2256.95162   491%   832 11773s
 205799 132050 1439.06660   66  254  381.90944 2256.95162   491%   833 11821s
 206317 133437  898.99481   81  564  381.90944 2256.95162   491%   834 11899s
 208101 133652 1066.67229   81  527  381.90944 2256.95162   491%   833 11938s
 208388 134385 1289.44624   71  487  381.90944 2256.95162   491%   834 11984s
 209375 135365 1759.34327   97  327  381.90944 2256.95162   491%   833 12033s
 210696 135486 infeasible   94       381.90944 2256.95162   491%   832 12069s
 210890 136150 1132.90275   64  440  381.90944 2256.95162   491%   833 12113s
 211748 136421  766.57283   94  290  381.90944 2256.95162   491%   834 12148s
 212127 137256 2211.22927   68  166  381.90944 2256.95162   491%   834 12197s
 213163 137638  412.92192   88  446  381.90944 2256.95162   491%   835 12249s
 214055 137952 1487.95619   74  441  381.90944 2256.95162   491%   835 12284s
 214444 138774  416.67133   89  594  381.90944 2256.95162   491%   836 12331s
 215496 139513  405.37767  104  357  381.90944 2256.95162   491%   836 12373s
 216485 140036 1816.45514  115  354  381.90944 2256.95162   491%   835 12416s
 217185 140706 infeasible   69       381.90944 2256.95162   491%   836 12459s
 218120 141035 infeasible  105       381.90944 2256.95162   491%   836 12498s
 218530 142822 1626.65548   75  427  381.90944 2256.95162   491%   837 12590s
 220878 143178  721.75192  114  634  381.90944 2256.95162   491%   836 12619s
 221317 143778  550.62532   83  517  381.90944 2256.95162   491%   836 12661s
 222070 144277 1495.46933   75  378  381.90944 2256.95162   491%   835 12698s
 222796 144464     cutoff   93       381.90944 2256.95162   491%   836 12725s
 223114 144694  522.54683   84  653  381.90944 2256.95162   491%   836 12795s
 223420 145144  433.07399   85  598  381.90944 2256.95162   491%   836 12835s
 224010 145486  737.19001   99  351  381.90944 2256.95162   491%   836 12867s
 224459 146184 2221.17206   66  252  381.90944 2256.95162   491%   837 12911s
 225413 146651  408.69139  122  700  381.90944 2256.95162   491%   837 12954s
 226127 146932 1809.69281   74  433  381.90944 2256.95162   491%   837 12994s
 226494 147043 1914.85256   81  326  381.90944 2256.95162   491%   839 13028s
 226622 147558  586.55436   89  643  381.90944 2256.95162   491%   840 13077s
 227352 148020 1318.50156   94  602  381.90944 2256.95162   491%   840 13125s
 228009 148200  637.93186  104  571  381.90944 2256.95162   491%   841 13170s
 228277 148701 1061.69490  100  351  381.90944 2256.95162   491%   842 13218s
 229024 149445 2256.95162   55  186  381.90944 2256.95162   491%   842 13264s
 229924 149623 1220.07629   82  449  381.90944 2256.95162   491%   843 13299s
 230219 150387     cutoff   89       381.90944 2256.95162   491%   844 13345s
 231353 151239 1119.66113  101  747  381.90944 2256.95162   491%   843 13388s
 232489 151394 1072.19520   84  534  381.90944 2256.95162   491%   842 13413s
 232716 152098  399.63607   91  559  381.90944 2256.95162   491%   842 13447s
 233659 152589 1675.98553   87  511  381.90944 2256.95162   491%   842 13477s
 234293 152753 1142.51845   74  661  381.90944 2256.95162   491%   842 13501s
 234588 153117 2015.04495   80  301  381.90944 2256.95162   491%   842 13533s
 235214 153258  454.43001  132  696  381.90944 2256.95162   491%   842 13562s
 235381 153561 1526.06341   80  591  381.90944 2256.95162   491%   843 13599s
 235994 153883     cutoff   91       381.90944 2256.95162   491%   843 13630s
 236420 154384  388.09741  135  682  381.90944 2256.95162   491%   843 13667s
 237127 154390 1903.33587   85  385  381.90944 2256.95162   491%   843 13866s
 237133 154669 1878.48746   86  367  381.90944 2256.95162   491%   843 13893s
 237446 155133 1001.72924  111  767  381.90944 2256.95162   491%   843 13929s
 237975 155347  428.34058  118  685  381.90944 2256.95162   491%   843 13961s
 238297 155834     cutoff  119       381.90944 2256.95162   491%   844 14001s
 239188 156134 1875.09728   73  419  381.90944 2256.95162   491%   844 14043s
 239514 156385 1251.51284   79  640  381.90944 2256.95162   491%   845 14075s
 239803 157471  428.32531   86  668  381.90944 2256.95162   491%   845 14117s
 241086 157944 1797.33243   63  405  381.90944 2256.95162   491%   844 14151s
 241709 158211  451.81224   88  504  381.90944 2256.95162   491%   844 14183s
 242066 159253  417.03118   87  564  381.90944 2256.95162   491%   844 14221s
 243286 159797 1863.79636   72  393  381.90944 2256.95162   491%   843 14257s
 244013 160173 1211.63709   74  466  381.90944 2256.95162   491%   843 14294s
 244557 161158     cutoff   89       381.90944 2256.95162   491%   843 14343s
 245821 161369     cutoff   88       381.90944 2256.95162   491%   843 14370s
 246110 161949 2069.04108   70  409  381.90944 2256.95162   491%   843 14405s
 246871 162465 1937.18312   86  324  381.90944 2256.95162   491%   843 14440s
 247600 162667 2185.87045   66  307  381.90944 2256.95162   491%   843 14464s
 247847 163022  840.16917  115  554  381.90944 2256.95162   491%   843 14499s
 248447 163288 1848.58080   72  179  381.90944 2256.95162   491%   844 14538s
 248837 163586 2256.95162   64  193  381.90944 2256.95162   491%   844 14576s
 249241 163785 1725.25758   66  167  381.90944 2256.95162   491%   846 14608s
 249510 164090  676.42307  105  450  381.90944 2256.95162   491%   846 14647s
 250077 164272  448.99736  117  683  381.90944 2256.95162   491%   847 14680s
 250375 164842  451.27450   93  565  381.90944 2256.95162   491%   848 14721s
 251203 165165 2141.81475   65  173  381.90944 2256.95162   491%   848 14754s
 251585 165664 2094.79383   80  235  381.90944 2256.95162   491%   848 14796s
 252254 166169 2238.23822   64  267  381.90944 2256.95162   491%   849 14839s
 252904 166335     cutoff  104       381.90944 2256.95162   491%   849 14869s
 253253 167490  670.26344   78  454  381.90944 2256.95162   491%   849 14910s
 254622 168078 1540.01114   97  507  381.90944 2256.95162   491%   848 14948s
 255503 168176 infeasible   64       381.90944 2256.95162   491%   847 14976s
 255635 168699 1161.52689   70  446  381.90944 2256.95162   491%   848 15017s
 256386 168830 infeasible   65       381.90944 2256.95162   491%   848 15044s
 256612 169548  751.10968   85  320  381.90944 2256.95162   491%   849 15087s
 257565 169948 1369.91516  101  448  381.90944 2256.95162   491%   849 15114s
 258090 170206 1488.09720   79  620  381.90944 2256.95162   491%   849 15140s
 258426 170749 1553.07399   72  410  381.90944 2256.95162   491%   849 15175s
 259094 171361 1045.73830  103  393  381.90944 2256.95162   491%   849 15213s
 259908 171464 1295.81816   71  480  381.90944 2256.95162   491%   849 15236s
 260037 171783  545.57198   77  465  381.90944 2256.95162   491%   849 15270s
 260563 172258  783.58254   78  660  381.90944 2256.95162   491%   849 15304s
 261179 172636 1268.71803  100  536  381.90944 2256.95162   491%   849 15334s
 261631 173227 1182.89211  100  567  381.90944 2256.95162   491%   850 15369s
 262362 173784 1327.48507   92  355  381.90944 2256.95162   491%   849 15403s
 263105 174207 1436.72699   76  353  381.90944 2256.95162   491%   849 15437s
 263668 174399 2098.70113   67  189  381.90944 2256.95162   491%   849 15470s
 263954 174953 1562.93843   66  462  381.90944 2256.95162   491%   850 15505s
 264660 175332     cutoff  107       381.90944 2256.95162   491%   850 15541s
 265279 175468  921.97721  105  800  381.90944 2256.95162   491%   850 15570s
 265449 175786  557.14611  112  864  381.90944 2256.95162   491%   851 15606s
 265876 176060  503.12571  132  863  381.90944 2256.95162   491%   851 15637s
 266221 176367  421.46328  147  786  381.90944 2256.95162   491%   852 15671s
 266607 176962  443.86787  161  784  381.90944 2256.95162   491%   852 15710s
 267444 177236 2256.95162   59  200  381.90944 2256.95162   491%   852 15740s
 267798 178008 2145.23768   71  265  381.90944 2256.95162   491%   853 15782s
 268782 178171 1339.13755   76  403  381.90944 2256.95162   491%   852 15918s
 268994 178392 1023.37566   77  426  381.90944 2256.95162   491%   852 15952s
 269258 179043 1543.59727   59  619  381.90944 2256.95162   491%   852 16001s
 270209 179524 1481.92001   94  453  381.90944 2256.95162   491%   852 16040s
 270816 179840     cutoff   94       381.90944 2256.95162   491%   853 16076s
 271253 180782 2256.95162   59  223  381.90944 2256.95162   491%   853 16126s
 272412 181310  962.61687   93  659  381.90944 2256.95162   491%   852 16174s
 273197 181774 1001.47260   81  384  381.90944 2256.95162   491%   853 16213s
 273818 182467 2102.34233   68  269  381.90944 2256.95162   491%   853 16257s
 274761 182788  468.77192  112  411  381.90944 2256.95162   491%   853 16298s
 275191 183287 1235.93448  103  486  381.90944 2256.95162   491%   853 16340s
 275851 183775     cutoff   88       381.90944 2256.95162   491%   854 16389s
 276537 183962 1438.28461   85  503  381.90944 2256.95162   491%   854 16428s
 276843 184466 1704.77640   58  524  381.90944 2256.95162   491%   855 16481s
 277699 185151 1390.87696   77  563  381.90944 2256.95162   491%   855 16533s
 278536 185678 2018.78528   69  241  381.90944 2256.95162   491%   855 16572s
 279125 186390     cutoff  103       381.90944 2256.95162   491%   855 16623s
 280161 186937 1166.46757   63  399  381.90944 2256.95162   491%   855 16673s
 280967 187138 2256.95162   57  193  381.90944 2256.95162   491%   855 16714s
 281229 187992  599.58450   74  459  381.90944 2256.95162   491%   856 16766s
 282412 188685 1025.68865   88  396  381.90944 2256.95162   491%   855 16819s
 283366 189310  977.89709   86  564  381.90944 2256.95162   491%   855 16857s
 284113 190218 1313.30386   71  448  381.90944 2256.95162   491%   855 16904s
 285201 191326  827.59368   85  379  381.90944 2256.95162   491%   854 16944s
 286581 191766 1346.92246   94  481  381.90944 2256.95162   491%   852 16977s
 287153 192209  455.84927  116  493  381.90944 2256.95162   491%   853 17013s
 287662 192470  457.39305   87  780  381.90944 2256.95162   491%   853 17046s
 288042 193220 1057.18278   78  547  381.90944 2256.95162   491%   854 17078s
 288968 193329 1418.23682   64  457  381.90944 2256.95162   491%   852 17112s
 289191 193469 infeasible   63       381.90944 2256.95162   491%   853 17143s
 289345 193820 2256.95162   63  230  381.90944 2256.95162   491%   854 17185s
 289863 194058  946.73244   82  318  381.90944 2256.95162   491%   855 17216s
 290170 194486 1495.65057   98  441  381.90944 2256.95162   491%   855 17268s
 290842 194669 1979.41893   65  593  381.90944 2256.95162   491%   856 17299s
 291088 195173  961.43462   87  389  381.90944 2256.95162   491%   857 17342s
 291746 195669  567.62047  118  546  381.90944 2256.95162   491%   857 17384s
 292420 195953 infeasible  135       381.90944 2256.95162   491%   857 17422s
 292784 196638  447.90987  148  450  381.90944 2256.95162   491%   858 17462s
 293599 197036  386.48490  360  168  381.90944 2256.95162   491%   858 17501s
 294129 197188 2054.01813   76  220  381.90944 2256.95162   491%   858 17533s
 294299 197618 1811.77480   85  201  381.90944 2256.95162   491%   859 17580s
 294967 198264 1905.17081   67  387  381.90944 2256.95162   491%   859 17632s
 295880 198509 1647.51974   73  292  381.90944 2256.95162   491%   859 17668s
 296262 199002 1514.44550   63  404  381.90944 2256.95162   491%   860 17722s
 297002 199087 2256.95162   66  174  381.90944 2256.95162   491%   861 17769s
 297157 199208 2256.95162   71  168  381.90944 2256.95162   491%   862 17900s
 297302 199556 2121.03423   74  327  381.90944 2256.95162   491%   862 17954s
 297690 200462  639.81201   94  463  381.90944 2256.95162   491%   863 18026s
 299022 200727  458.25371   79  291  381.90944 2256.95162   491%   863 18083s
 299465 201494  731.67230   69  561  381.90944 2256.95162   491%   864 18149s
 300419 202035  827.63015  131  781  381.90944 2256.95162   491%   865 18209s
 301194 202336 infeasible   66       381.90944 2256.95162   491%   866 18261s
 301601 203120  952.07294   70  288  381.90944 2256.95162   491%   867 18325s
 302624 203967  454.77356   81  326  381.90944 2256.95162   491%   867 18380s
 303668 204464  991.88391   88  293  381.90944 2256.95162   491%   866 18433s
 304307 205765 1891.20267   73  383  381.90944 2256.95162   491%   867 18486s
 305915 206327 1769.61515   62  202  381.90944 2256.95162   491%   865 18534s
 306681 206811 2256.95162   66  202  381.90944 2256.95162   491%   865 18587s
 307337 207523 2256.95162   72  322  381.90944 2256.95162   491%   865 18643s
 308155 207819     cutoff  111       381.90944 2256.95162   491%   866 18681s
 308532 209215  396.57864  134  463  381.90944 2256.95162   491%   866 18779s
 310406 209936 infeasible   96       381.90944 2256.95162   491%   866 18824s
 311321 210211  771.61297  105  541  381.90944 2256.95162   491%   866 18858s
 311724 210856     cutoff   83       381.90944 2256.95162   491%   866 18906s
 312541 211461 2256.95162   65  164  381.90944 2256.95162   491%   866 18955s
 313282 212382  646.87829  135  554  381.90944 2256.95162   491%   866 18997s
 314384 213169 1792.50390   76  230  381.90944 2256.95162   491%   866 19031s
 315309 213546 2256.95162   55  166  381.90944 2256.95162   491%   864 19070s
 315836 213917 1597.07326   79  513  381.90944 2256.95162   491%   865 19108s
 316422 214673  753.39058  102  617  381.90944 2256.95162   491%   865 19146s
 317383 214755  727.95282   90  546  381.90944 2256.95162   491%   864 19180s
 317559 215156 1972.43569   79  347  381.90944 2256.95162   491%   865 19225s
 318204 215254  668.35046  129  804  381.90944 2256.95162   491%   865 19255s
 318375 215689  395.12237  141  803  381.90944 2256.95162   491%   866 19294s
 319013 215862     cutoff  176       381.90944 2256.95162   491%   866 19403s
 319230 216108     cutoff  175       381.90944 2256.95162   491%   866 19435s
 319548 216552 2256.95162   66  278  381.90944 2256.95162   491%   867 19479s
 320146 217130 1547.74156   87  280  381.90944 2256.95162   491%   867 19521s
 320961 217361 2054.43305   58  149  381.90944 2256.95162   491%   867 19561s
 321294 218430 1604.24995  101  148  381.90944 2256.95162   491%   868 19648s
 322826 218684 2034.65883   79  475  381.90944 2256.95162   491%   868 19685s
 323173 219396 1490.68896   88  622  381.90944 2256.95162   491%   868 19736s
 324058 219988 2256.95162   63  195  381.90944 2256.95162   491%   869 19784s
 324972 220144 1943.85150   71  203  381.90944 2256.95162   491%   869 19821s
 325154 220664 1122.48304   85  498  381.90944 2256.95162   491%   870 19867s
 325890 221146  479.46757  109  492  381.90944 2256.95162   491%   870 19913s
 326615 221307  408.97932  125  643  381.90944 2256.95162   491%   870 19952s
 326830 221969 1056.81811   80  550  381.90944 2256.95162   491%   871 19995s
 327614 222579  753.94829  103  601  381.90944 2256.95162   491%   871 20043s
 328453 222942 1461.88640   83  480  381.90944 2256.95162   491%   870 20082s
 328891 223563  723.81946   92  526  381.90944 2256.95162   491%   871 20127s
 329737 224001 2256.95162   78  241  381.90944 2256.95162   491%   871 20170s
 330367 224518 1398.39688   94  427  381.90944 2256.95162   491%   871 20204s
 330983 225454 1150.26524   88  365  381.90944 2256.95162   491%   871 20246s
 332062 225786 1019.35963   79  288  381.90944 2256.95162   491%   870 20283s
 332480 226464  441.41665  104  639  381.90944 2256.95162   491%   870 20333s
 333358 226991 1676.28386   76  351  381.90944 2256.95162   491%   870 20374s
 334052 227391  460.54292  114  721  381.90944 2256.95162   491%   871 20414s
 334747 227691  437.33097  134  701  381.90944 2256.95162   491%   871 20445s
 335187 228212  875.28862   77  613  381.90944 2256.95162   491%   871 20488s
 335949 228629 1447.43413   82  260  381.90944 2256.95162   491%   871 20526s
 336645 228954 1616.50627   61  521  381.90944 2256.95162   491%   871 20563s
 337069 230147  547.04274  124  632  381.90944 2256.95162   491%   871 20605s
*338141 229174             687     382.7173479 2256.95162   490%   869 20605s
 338577 229364  518.35406  110  460  382.71735 2256.95162   490%   869 20633s
 338878 229824  688.75689   96  468  382.71735 2256.95162   490%   869 20670s
 339452 230279 1400.58855   86  558  382.71735 2256.95162   490%   869 20704s
 340156 230523 1222.89088   91  310  382.71735 2256.95162   490%   869 20733s
 340547 230936 1314.34408   87  372  382.71735 2256.95162   490%   869 20770s
 341052 231010     cutoff   89       382.71735 2256.95162   490%   870 20801s
 341180 231346 1612.67963   79  526  382.71735 2256.95162   490%   871 20835s
 341597 231495 2184.70666   68  280  382.71735 2256.95162   490%   871 20862s
 341846 232005  432.35039  154  507  382.71735 2256.95162   490%   871 20899s
 342654 232556  678.37189  109  607  382.71735 2256.95162   490%   871 20939s
 343304 232553  526.34687  107  321  382.71735 2256.95162   490%   871 21067s
H343313 232553                     382.7173479 2256.95162   490%   871 21067s
H343318 227432                     386.0025689 2256.95162   485%   871 21067s
 343319 227639  670.22083  108  320  386.00257 2256.95162   485%   871 21097s
 343636 227906 1174.38930   64  459  386.00257 2256.95162   485%   871 21129s
 343965 229582  679.18143  103  516  386.00257 2256.95162   485%   871 21172s
 345843 230764 1139.74742   84  379  386.00257 2256.95162   485%   869 21207s
 347202 231138  741.10883  106  626  386.00257 2256.95162   485%   867 21245s
 347685 232349     cutoff  158       386.00257 2256.95162   485%   867 21305s
 349081 233629 1007.30669   86  405  386.00257 2256.95162   485%   866 21341s
 350553 233973 2139.30456   68  329  386.00257 2256.95162   485%   864 21364s
 350993 234132 1971.54696   81  375  386.00257 2256.95162   485%   864 21386s
 351228 234530     cutoff   99       386.00257 2256.95162   485%   865 21412s
 351698 234935 2211.04349   63  167  386.00257 2256.95162   485%   865 21437s
 352196 235175 1062.94314   88  274  386.00257 2256.95162   485%   865 21459s
 352518 235492     cutoff  101       386.00257 2256.95162   485%   864 21488s
 353058 235698 1591.79166   72  472  386.00257 2256.95162   485%   864 21516s
 353411 235900  397.97535  108  515  386.00257 2256.95162   485%   865 21545s
 353640 236205  992.85135   92  705  386.00257 2256.95162   485%   865 21578s
 354093 236410  452.82512   85  426  386.00257 2256.95162   485%   865 21604s
 354415 236693 1125.94300   79  568  386.00257 2256.95162   485%   865 21635s
 354882 236995 1182.43929   77  323  386.00257 2256.95162   485%   865 21665s
 355256 237465 1019.92642   95  630  386.00257 2256.95162   485%   865 21699s
 355911 238212  420.38248  168  455  386.00257 2256.95162   485%   865 21736s
 356935 238577 2253.12180   66  267  386.00257 2256.95162   485%   864 21767s
 357409 238803 1261.59743   81  511  386.00257 2256.95162   485%   865 21791s
 357694 239140     cutoff   98       386.00257 2256.95162   485%   865 21820s
 358115 239537 1871.65903   77  391  386.00257 2256.95162   485%   865 21860s
 358674 239919  705.93339  117  910  386.00257 2256.95162   485%   865 21897s
 359182 240228 1631.03720   82  513  386.00257 2256.95162   485%   865 21926s
 359538 240720  435.27836  127  759  386.00257 2256.95162   485%   865 21961s
 360098 241402     cutoff  140       386.00257 2256.95162   485%   866 22003s
 361046 241660  634.80753  111  507  386.00257 2256.95162   485%   865 22029s
 361414 241890     cutoff  100       386.00257 2256.95162   485%   865 22056s
 361718 242480 1457.39308   76  325  386.00257 2256.95162   485%   865 22093s
 362464 242917  856.34211  109  433  386.00257 2256.95162   485%   865 22129s
 363033 243151  775.44669   97  590  386.00257 2256.95162   485%   865 22162s
 363358 243612 2256.95162   57  179  386.00257 2256.95162   485%   865 22203s
 363954 244306  390.40711  249  402  386.00257 2256.95162   485%   865 22245s
 364982 245234 2144.92578   72  315  386.00257 2256.95162   485%   865 22282s
 366037 245371  388.54298  513  229  386.00257 2256.95162   485%   864 22311s
 366236 245775  741.55661   74  631  386.00257 2256.95162   485%   864 22350s
 366762 245960 1697.92121   60  556  386.00257 2256.95162   485%   864 22381s
 367031 246305 2035.78419   61  340  386.00257 2256.95162   485%   865 22419s
 367536 246564  627.95395   79  538  386.00257 2256.95162   485%   865 22456s
 367935 246894 2158.15344   68  300  386.00257 2256.95162   485%   865 22487s
 368379 247624  446.56406  100  734  386.00257 2256.95162   485%   865 22530s
 369337 248063 1829.73646   87  453  386.00257 2256.95162   485%   865 22571s
 369944 248318  689.63985   95  366  386.00257 2256.95162   485%   865 22615s
 370283 248947 2256.95162   63  184  386.00257 2256.95162   485%   866 22657s
 371058 249401  875.40096   83  418  386.00257 2256.95162   485%   866 22700s
 371676 249689 1559.56325   68  638  386.00257 2256.95162   485%   866 22735s
 372110 249723 2179.72492   65  171  386.00257 2256.95162   485%   866 22857s
H372141 249723                     386.0025690 2256.95162   485%   866 22857s
 372156 249839 2126.07209   69  293  386.00257 2256.95162   485%   866 22892s
 372300 249982 1358.95471   77  402  386.00257 2256.95162   485%   867 22938s
 372560 250377  578.14397   98  637  386.00257 2256.95162   485%   868 22978s
 373035 250630  509.11005   88  478  386.00257 2256.95162   485%   868 23024s
 373459 251091  906.10765   94  473  386.00257 2256.95162   485%   869 23079s
 374081 252589 1156.11743  101  404  386.00257 2256.95162   485%   869 23155s
 375925 252903  388.47501  627   41  386.00257 2256.95162   485%   868 23191s
 376343 253327 1949.61223   71  353  386.00257 2256.95162   485%   868 23235s
 377003 253558 2116.33961   74  343  386.00257 2256.95162   485%   868 23279s
 377429 253714 1243.71883   84  672  386.00257 2256.95162   485%   869 23313s
 377629 254355 1609.63031   70  433  386.00257 2256.95162   485%   869 23359s
 378462 254846  845.70149   97  433  386.00257 2256.95162   485%   869 23406s
 379223 255032  400.95673  140  712  386.00257 2256.95162   485%   869 23445s
 379489 255775 1335.58932   63  549  386.00257 2256.95162   485%   870 23490s
 380445 256606  556.28536   97  597  386.00257 2256.95162   485%   870 23537s
 381525 257214  897.78998   84  707  386.00257 2256.95162   485%   869 23576s
 382303 257628  457.73936  103  858  386.00257 2256.95162   485%   869 23611s
 382812 258730 1384.67326   67  554  386.00257 2256.95162   485%   869 23651s
 384073 259554  871.57435  103  687  386.00257 2256.95162   485%   868 23692s
 385141 259762 1059.85465   79  434  386.00257 2256.95162   485%   867 23722s
 385421 260073  742.91383   85  432  386.00257 2256.95162   485%   867 23762s
 385914 260472 1625.34067   72  611  386.00257 2256.95162   485%   868 23805s
 386493 261100 2256.95162   63  209  386.00257 2256.95162   485%   868 23848s
 387209 262160 1228.53450   89  356  386.00257 2256.95162   485%   868 23898s
 388478 262958  389.79648   72  454  386.00257 2256.95162   485%   866 23932s
 389436 263271 1865.63954   75  433  386.00257 2256.95162   485%   866 23964s
 389879 264324  901.28505  110  370  386.00257 2256.95162   485%   866 23996s
 391035 264547 1489.47693   86  605  386.00257 2256.95162   485%   865 24024s
 391284 264894  883.97132  107  819  386.00257 2256.95162   485%   865 24056s
 391740 265176 1326.00901   82  264  386.00257 2256.95162   485%   865 24087s
 392120 265437 1677.16704   74  272  386.00257 2256.95162   485%   865 24112s
 392453 265823 1059.41189   93  375  386.00257 2256.95162   485%   865 24144s
 393047 265913 1042.49822   86  259  386.00257 2256.95162   485%   865 24172s
 393160 266253  932.15088   90  417  386.00257 2256.95162   485%   866 24206s
 393626 266520  786.88691   96  352  386.00257 2256.95162   485%   866 24239s
 393993 267087  397.44238  167  610  386.00257 2256.95162   485%   866 24274s
 394775 267359     cutoff  108       386.00257 2256.95162   485%   866 24301s
 395086 268362  766.22363   95  434  386.00257 2256.95162   485%   866 24338s
 396238 268691 1103.55991   81  307  386.00257 2256.95162   485%   865 24367s
 396630 268929 1822.13370   94  258  386.00257 2256.95162   485%   865 24403s
 396944 269276  831.91488  110  525  386.00257 2256.95162   485%   865 24437s
 397451 269405 1482.86952   70  502  386.00257 2256.95162   485%   865 24463s
 397618 270137  389.01028   88  403  386.00257 2256.95162   485%   866 24498s
 398518 270658 1277.95458   90  242  386.00257 2256.95162   485%   865 24541s
 399268 271133 2238.47253   75  281  386.00257 2256.95162   485%   865 24579s
 400016 271372  454.73715  105  638  386.00257 2256.95162   485%   865 24610s
 400353 271989  787.57139  101  411  386.00257 2256.95162   485%   865 24651s
 401119 272458 2256.95162   63  162  386.00257 2256.95162   485%   865 24686s
 401721 272748 1450.58766   72  397  386.00257 2256.95162   485%   866 24722s
 402094 273081 1985.01954   68  163  386.00257 2256.95162   485%   866 24756s
 402505 273450 2256.95162   63  247  386.00257 2256.95162   485%   866 24797s
 403026 273644 2256.95162   65  123  386.00257 2256.95162   485%   867 24834s
 403242 274277  811.87438   94  706  386.00257 2256.95162   485%   867 24877s
 404003 274962 1044.95548   96  661  386.00257 2256.95162   485%   867 24912s
 404768 275269  445.02185  124  743  386.00257 2256.95162   485%   866 24954s
 405160 275942  927.75453   86  636  386.00257 2256.95162   485%   867 24997s
 406044 276191 1735.71923   73  386  386.00257 2256.95162   485%   866 25030s
 406406 276196     cutoff   88       386.00257 2256.95162   485%   866 25166s
 406413 276321 1698.66072   72  336  386.00257 2256.95162   485%   866 25200s
 406637 276705 1353.10947   78  413  386.00257 2256.95162   485%   867 25245s
 407196 276869 1932.52305   85  137  386.00257 2256.95162   485%   867 25278s
 407392 277248  546.74850  117  578  386.00257 2256.95162   485%   867 25320s
 407948 278100  436.32212  120  379  386.00257 2256.95162   485%   868 25365s
 408977 278350  527.08770   87  506  386.00257 2256.95162   485%   867 25404s
 409367 278864 1367.05237   87  491  386.00257 2256.95162   485%   867 25447s
 410155 279444 1641.06387   85  481  386.00257 2256.95162   485%   867 25487s
 410820 279943  599.91834  116  514  386.00257 2256.95162   485%   867 25518s
 411323 280479 infeasible  506       386.00257 2256.95162   485%   867 25562s
 412070 281167  523.86540  109  555  386.00257 2256.95162   485%   867 25597s
 412927 281413  466.59267  134  831  386.00257 2256.95162   485%   866 25623s
 413249 281823 1546.61791   72  481  386.00257 2256.95162   485%   867 25658s
 413849 282949 2256.24344   67  158  386.00257 2256.95162   485%   867 25695s
 415159 283105  429.12590  155  441  386.00257 2256.95162   485%   865 25720s
 415439 283525 2256.95162   63  276  386.00257 2256.95162   485%   865 25751s
 416019 284040  541.90506   86  403  386.00257 2256.95162   485%   865 25785s
 416714 284292 2162.10054   60  252  386.00257 2256.95162   485%   865 25812s
 417019 284782  437.25809   90  453  386.00257 2256.95162   485%   865 25846s
 417644 285239 1756.32147   54  136  386.00257 2256.95162   485%   865 25884s
 418254 285408  606.50740   97  534  386.00257 2256.95162   485%   865 25911s
 418513 285625  712.57287   81  674  386.00257 2256.95162   485%   865 25952s
 418977 285797 2244.21634   42  170  386.00257 2256.95162   485%   866 25986s
 419209 285896 2244.11144   49  161  386.00257 2256.95162   485%   867 26020s
 419322 286216 2220.11871   54  211  386.00257 2256.95162   485%   867 26059s
 419746 286349 1113.19715   78  410  386.00257 2256.95162   485%   868 26096s
 419941 287003 2082.75137   63  327  386.00257 2256.95162   485%   868 26133s
 420724 287579 1097.57841   92  187  386.00257 2256.95162   485%   868 26171s
 421422 287962 2256.95162   62  160  386.00257 2256.95162   485%   868 26208s
 421874 288276 2244.80445   44  137  386.00257 2256.95162   485%   868 26248s
 422312 288780  575.05238   86  544  386.00257 2256.95162   485%   868 26288s
 423027 289538  780.18812  109  483  386.00257 2256.95162   485%   868 26325s
 423937 290008  449.86190  114  444  386.00257 2256.95162   485%   868 26362s
 424493 291700 1144.34008   91  431  386.00257 2256.95162   485%   868 26409s
 426381 292196 2247.15930   62  208  386.00257 2256.95162   485%   866 26430s
 426992 292915     cutoff   81       386.00257 2256.95162   485%   865 26451s
*427531 288876             638     387.7871923 2256.95162   482%   864 26451s
 427933 288987 1225.02547   60  286  387.78719 2256.95162   482%   864 26470s
 428103 289254  891.44102   99  516  387.78719 2256.95162   482%   864 26491s
 428481 289465  651.28386   88  334  387.78719 2256.95162   482%   864 26511s
 428769 289528  878.55138  111  301  387.78719 2256.95162   482%   864 26527s
 428886 289827 1939.59073   72  202  387.78719 2256.95162   482%   864 26551s
 429275 290146 2256.95162   44  185  387.78719 2256.95162   482%   864 26580s
 429714 290257 1918.76389   62  398  387.78719 2256.95162   482%   864 26602s
 429883 290529 1265.72997   72  656  387.78719 2256.95162   482%   864 26630s
 430317 290967 1015.30438   97  332  387.78719 2256.95162   482%   865 26657s
 430826 291339 1537.75401   65  306  387.78719 2256.95162   482%   864 26684s
 431289 291727  520.76066   83  483  387.78719 2256.95162   482%   864 26714s
 431833 291941 1239.54784   85  503  387.78719 2256.95162   482%   864 26739s
 432177 292133     cutoff   95       387.78719 2256.95162   482%   864 26764s
 432405 292483  587.72816   93  538  387.78719 2256.95162   482%   865 26794s
 432816 292797 1328.83386   88  390  387.78719 2256.95162   482%   865 26831s
 433254 292967 1826.84043   85  301  387.78719 2256.95162   482%   865 26856s
 433450 293277     cutoff  107       387.78719 2256.95162   482%   865 26888s
 433888 293788 2077.96082   68  229  387.78719 2256.95162   482%   865 26933s
 434597 294420  737.18851   92  431  387.78719 2256.95162   482%   866 26980s
 435482 294768 2093.17979   73  218  387.78719 2256.95162   482%   865 27023s
 435933 295498  564.62069   91  485  387.78719 2256.95162   482%   866 27072s
 436817 296280  398.94689  114  313  387.78719 2256.95162   482%   866 27130s
 437790 296541 1424.96143   79  411  387.78719 2256.95162   482%   866 27177s
 438147 297249 1471.03050   61  573  387.78719 2256.95162   482%   866 27248s
 439084 298043  980.33922   86  551  387.78719 2256.95162   482%   867 27318s
 440096 299179 2154.98185   70  323  387.78719 2256.95162   482%   867 27387s
 441515 299685 1463.19194   69  495  387.78719 2256.95162   482%   867 27440s
 442188 300449  419.03973   91  510  387.78719 2256.95162   482%   867 27496s
 443191 301074  943.40970   74  114  387.78719 2256.95162   482%   867 27557s
 444016 301728 2200.09183   50  260  387.78719 2256.95162   482%   868 27612s
 444778 302518  788.73247   79  189  387.78719 2256.95162   482%   868 27676s
 445872 303230 1189.98481   71  387  387.78719 2256.95162   482%   868 27734s
 446793 303697  633.06565   83  487  387.78719 2256.95162   482%   868 27789s
 447396 304406  424.25713  112  580  387.78719 2256.95162   482%   868 27854s
 448281 304757  557.41182   92  509  387.78719 2256.95162   482%   869 27907s
 448740 305371 2220.02484   62  273  387.78719 2256.95162   482%   869 27968s
 449584 306269  631.05836  128  515  387.78719 2256.95162   482%   869 28027s
 450798 306650 1626.41519   76  475  387.78719 2256.95162   482%   869 28065s
 451231 307853 1982.15444   75  221  387.78719 2256.95162   482%   870 28124s
 452645 308260  979.41647   74  469  387.78719 2256.95162   482%   869 28170s
 453164 308530 1400.64958   76  332  387.78719 2256.95162   482%   870 28205s
 453479 309328 2208.05733   66  253  387.78719 2256.95162   482%   870 28254s
 454509 310002 1610.91818   65  351  387.78719 2256.95162   482%   870 28306s
 455355 310441  433.67500  107  290  387.78719 2256.95162   482%   870 28351s
 455893 310863  805.85451   70  756  387.78719 2256.95162   482%   871 28408s
 456370 311253  511.71723   91  820  387.78719 2256.95162   482%   871 28457s
 456836 311887  470.18115  112  783  387.78719 2256.95162   482%   871 28522s
 457710 312864  683.17787  103  415  387.78719 2256.95162   482%   872 28583s
 458953 313570 1093.55871   91  405  387.78719 2256.95162   482%   872 28632s
 459870 314583 1737.93690   74  151  387.78719 2256.95162   482%   871 28687s
H461112 297510                     396.8359074 2256.95162   469%   871 28783s
 461121 297848 1626.10542   60  591  396.83591 2256.95162   469%   871 28832s
H461539 297854                     396.8359074 2256.95162   469%   871 28917s
H461540 297854                     396.8359075 2256.95162   469%   871 28917s
H461541 297854                     396.8359076 2256.95162   469%   871 28917s
 461545 298451 2253.83815   62  205  396.83591 2256.95162   469%   871 28973s
 462460 298643 1642.06281  108  573  396.83591 2256.95162   469%   871 29019s
 462682 301137  546.75612  123  840  396.83591 2256.95162   469%   872 29244s
 466226 301596 2256.95162   62  184  396.83591 2256.95162   469%   873 29290s
 466786 302219 1935.59925   71  440  396.83591 2256.95162   469%   873 29356s
 467690 303144 1454.45712   63  399  396.83591 2256.95162   469%   873 29424s
 468973 303715 1636.11303   65  572  396.83591 2256.95162   469%   873 29478s
 469691 304592  648.51992   93  587  396.83591 2256.95162   469%   874 29539s
 470817 305357 1285.57504   68  344  396.83591 2256.95162   469%   873 29600s
 471793 305677 2166.01992   71  305  396.83591 2256.95162   469%   874 29652s
 472219 306108 1962.71597   78  456  396.83591 2256.95162   469%   874 29713s
 472744 306556  786.80902  113  703  396.83591 2256.95162   469%   875 29766s
 473391 307080     cutoff  139       396.83591 2256.95162   469%   875 29831s
 474200 308083 1688.91649   69  280  396.83591 2256.95162   469%   876 29894s
 475505 308747  813.66961  101  492  396.83591 2256.95162   469%   876 29953s
 476411 309332 1605.45452   57  589  396.83591 2256.95162   469%   876 30000s



