d_prime,load_effect,Profit
0.9997,1.4697,63.6959
1.0025,0.9091,167.6427
1.0082,1.1515,166.4402
1.0092,1.7727,166.7860
0.9942,1.2727,64.3828
0.9948,1.0000,78.1889
1.0015,0.8485,166.6638
1.0094,1.3788,165.8793
1.0029,0.8030,167.4173
1.0084,1.7576,167.5187
0.9999,1.5000,159.1157
1.0058,1.0455,167.1136
1.0078,1.1970,166.0346
0.9969,1.3182,82.1695
0.9920,1.0909,32.2231
0.9910,1.7576,69.5435
0.9908,0.9394,36.6393
1.0064,1.4394,165.8499
0.9914,1.2273,51.2176
1.0064,1.5152,166.8332
1.0043,0.8182,167.4095
0.9979,1.5303,54.2654
1.0084,0.9545,166.4562
0.9963,1.4091,85.9587
1.0088,1.5455,166.5403
0.9930,1.3485,82.7129
0.9944,1.1364,76.6243
1.0009,0.8636,-852.7416
1.0098,1.0303,167.4316
1.0090,1.2727,166.2233
0.9928,1.1818,78.6772
0.9926,0.8333,68.6413
1.0029,1.1061,167.1218
0.9971,0.9697,97.0486
0.9900,1.4242,68.2624
1.0098,1.3333,167.0620
1.0037,0.8788,166.3267
1.0076,1.2273,166.7990
0.9997,1.7576,2.4805
1.0021,1.0606,167.4047
1.0100,1.0000,166.9494
1.0070,1.3030,166.5031
0.9908,0.8182,40.3028
1.0092,0.9242,167.4915
1.0076,1.4545,166.8200
1.0031,1.7727,167.2170
0.9953,1.3636,79.2886
1.0068,1.1212,167.1256
1.0021,1.4848,167.4756
1.0098,0.8030,167.4742
0.9902,0.8788,69.3721
0.9953,1.2576,86.2284
0.9900,1.3788,68.2893
0.9904,1.1515,69.5429
1.0084,1.5303,165.8348
1.0088,1.0909,166.8425
0.9906,1.4545,21.1993
0.9912,1.1970,56.6643
0.9979,1.0152,82.3510
0.9924,0.9091,66.9394
1.0096,0.8333,166.2195
0.9912,1.0303,25.0619
0.9930,1.5152,76.5527
0.9934,0.8030,62.3762
0.9904,1.3939,36.9839
1.0070,1.1667,167.3065
0.9922,0.9848,67.6202
1.0096,1.2576,166.3213
1.0092,1.0758,167.2528
0.9900,0.9545,67.6795
1.0070,1.4242,164.3559
1.0080,0.8939,167.1246
1.0009,1.2879,64.1327
0.9944,1.3333,70.4054
0.9912,1.3030,69.0933
1.0039,1.5455,162.4080
1.0092,1.2424,166.8590
1.0068,1.3939,166.8713
1.0066,1.2121,166.0907
1.0070,0.9394,166.8100
0.9928,1.0455,78.9541
1.0092,1.5000,166.9850
0.9922,1.1061,38.4238
0.9900,1.2424,68.3791
1.0072,1.3485,166.6877
1.0064,0.9848,166.6066
0.9922,1.1667,24.8417
0.9938,1.0758,85.9412
0.9983,1.5455,52.5417
0.9932,1.4394,77.2492
1.0088,1.1818,167.2582
0.9914,1.1212,29.5467
1.0094,1.4091,166.5571
0.9934,1.4848,61.8786
1.0080,0.8485,167.3698
0.9971,0.8939,97.6975
1.0090,1.0152,166.7190
1.0076,1.1364,166.6509
0.9902,1.4697,68.5332
0.9932,0.8485,73.3740
0.9485,0.9646,17.3506
0.9848,0.9949,59.8900
0.9485,0.9636,17.3505
0.9374,0.9313,12.1016
0.9131,0.9424,5.8443
0.9556,0.9960,22.1646
0.9778,0.9667,42.0077
0.9162,0.9687,6.3840
0.9434,0.9121,14.6847
0.9192,0.9202,6.9771
0.9162,0.9040,6.3838
0.9061,0.9798,4.7653
0.9556,0.9040,22.1647
0.9051,0.9929,4.6287
0.9848,0.9566,59.9015
0.9657,0.9586,31.9380
0.9586,0.9808,24.6676
0.9596,0.9475,25.5816
0.9616,0.9131,27.4947
0.9384,0.9020,12.4927
0.9172,0.9848,6.5755
0.9636,0.9374,29.6000
0.9687,0.9263,34.5136
0.9515,0.9283,19.2355
0.9162,0.9970,6.3838
0.9071,0.9636,4.9053
0.9788,0.9778,45.9391
0.9465,0.9970,16.2190
0.9677,0.9899,33.8171
0.9788,0.9485,45.9445
0.9212,0.9323,7.4056
0.9061,0.9525,4.7650
0.9899,0.9495,68.8791
0.9758,0.9364,40.0224
0.9414,0.9707,13.7572
0.9293,0.9000,9.4325
0.9515,0.9424,19.2354
0.9657,0.9990,31.9382
0.9253,0.9828,8.3513
0.9253,0.9121,8.3513
0.9475,0.9788,16.7731
0.9242,0.9960,8.1031
0.9606,0.9717,26.5153
0.9263,0.9727,8.6080
0.9374,0.9212,12.1015
0.9172,0.9485,6.5753
0.9384,0.9970,12.4928
0.9909,0.9949,68.7475
0.9313,0.9364,10.0307
0.9828,0.9859,47.8276
0.9091,1.0000,5.1992
0.9838,0.9697,54.7235
0.9343,0.9677,11.0106
0.9677,0.9808,33.8176
0.9232,0.9444,7.8629
0.9566,0.9182,22.9697
0.9010,0.9869,4.1232
0.9040,0.9727,4.4966
0.9707,0.9444,35.9658
0.9283,0.9273,9.1481
0.9253,0.9505,8.3513
0.9949,0.9475,77.5773
0.9343,0.9101,11.0106
0.9202,0.9636,7.1878
0.9384,0.9384,12.4928
0.9485,0.9475,17.3507
0.9768,0.9303,41.0018
0.9949,0.9424,97.8688
0.9202,0.9000,7.1879
0.9646,0.9657,30.7352
0.9556,0.9333,22.1646
0.9485,0.9535,17.3505
0.9778,0.9889,42.0047
0.9788,0.9586,45.9426
0.9788,0.9960,45.8724
0.9434,0.9818,14.6843
0.9434,0.9515,14.6844
0.9525,0.9091,19.9197
0.9343,0.9737,11.0107
0.9202,0.9576,7.1878
0.9879,0.9606,52.5310
0.9727,0.9566,37.4934
0.9273,0.9212,8.8735
0.9121,0.9545,5.6755
0.9384,0.9515,12.4925
0.9636,0.9293,29.5996
0.9434,0.9030,14.6845
0.9081,0.9869,5.0500
0.9263,0.9657,8.6080
0.9535,0.9667,20.6345
0.9000,0.9747,4.0060
0.9657,0.9525,31.9382
0.9818,0.9444,47.3123
0.9717,0.9960,36.7146
0.9232,0.9889,7.8628
0.9424,0.9202,14.2119
0.9626,0.9879,28.5258
0.9495,0.9374,17.9524
0.9131,0.9808,5.8444
0.9556,0.9909,22.1643
d_prime,max_cooling_system_cooling,Profit
0.9997,10.2929,63.3668
0.9989,9.5455,10.9199
1.0043,10.4747,161.6711
0.9948,10.7172,79.6051
0.9920,10.9192,22.0991
1.0023,9.3434,164.2300
1.0021,10.2121,168.5026
1.0027,10.8384,171.2134
1.0060,10.1313,167.0401
0.9999,10.5960,-364.2418
1.0098,10.3939,168.4857
0.9948,9.2626,61.4114
0.9983,9.4646,77.5009
0.9902,9.1818,4.6586
1.0017,9.1212,154.3752
0.9946,10.1111,46.0550
1.0086,10.9192,171.6561
1.0043,9.5253,165.3368
1.0092,10.3333,168.2360
1.0029,10.6970,170.6674
0.9977,10.6364,70.0060
0.9953,9.5657,86.3767
1.0015,9.3232,161.2288
0.9934,10.1717,62.4868
1.0043,10.8586,171.0650
0.9975,9.5859,98.6569
1.0080,9.6061,164.7560
0.9906,10.8182,70.2113
0.9965,9.4444,91.4808
1.0009,10.4141,162.6714
1.0045,9.6263,164.4244
1.0027,9.6465,165.9699
0.9916,10.2727,20.2814
1.0019,10.7374,170.6438
0.9983,10.4545,102.0859
1.0047,9.2626,154.9063
0.9926,10.7980,63.5066
0.9967,10.2323,39.6635
0.9926,10.3535,65.7574
0.9969,10.8788,53.7309
1.0066,9.4848,164.1593
0.9924,10.6768,62.6824
1.0100,10.1717,168.1832
1.0090,10.7576,170.5327
0.9912,9.3434,49.1018
1.0072,10.1111,167.3190
0.9955,9.1818,87.2756
0.9908,10.4747,69.7605
0.9916,10.8990,49.5323
1.0039,10.6566,170.3924
0.9902,10.3131,69.1594
0.9953,9.5051,88.6484
1.0094,9.4444,164.8738
0.9900,10.3737,68.9260
1.0082,10.2525,164.5465
0.9900,10.7778,69.3710
0.9940,9.6465,87.4377
0.9920,10.5960,55.2037
0.9969,10.1515,87.0963
1.0021,10.6162,170.2608
0.9920,9.3232,19.8402
1.0098,10.7980,169.9307
0.9906,9.6061,33.0233
0.9912,10.1919,37.4772
1.0066,10.8990,171.1944
1.0098,10.4545,169.1084
1.0013,10.4343,166.4863
1.0072,10.3737,168.8607
1.0084,9.5051,164.4726
1.0096,10.5960,168.7125
0.9920,10.7576,43.8821
1.0094,9.3232,164.5519
1.0098,10.1919,166.1814
0.9908,9.6263,48.8625
1.0074,10.6768,170.4382
1.0098,10.8182,170.4449
1.0066,10.2727,168.5040
0.9916,10.8586,57.7421
0.9908,9.5253,68.3042
0.9924,10.3333,64.3683
1.0098,10.3131,168.4903
1.0070,9.5657,164.7572
0.9926,9.4848,41.5227
0.9924,10.3939,69.0956
1.0090,9.2626,163.3633
0.9914,10.2525,36.7531
0.9900,10.6970,69.2820
1.0096,9.6465,165.8349
1.0037,9.1212,161.9836
1.0074,10.1515,167.5023
0.9918,10.6566,4.9100
0.9906,10.6162,40.3256
1.0070,10.7778,170.5039
0.9902,10.2121,45.4514
1.0088,9.3434,163.9165
1.0098,10.3535,166.1457
0.9914,10.4343,57.7622
0.9904,10.8384,34.7459
0.9900,9.4646,67.9238
1.0003,10.9192,108.6811
0.9485,10.1465,17.3526
0.9525,9.7727,19.9156
0.9111,10.3384,5.5130
0.9535,10.0253,20.6349
0.9172,10.4495,6.5774
0.9828,10.2576,47.9813
0.9273,9.7727,8.8720
0.9020,10.0556,4.2441
0.9788,9.9747,45.9239
0.9343,9.9242,11.0100
0.9172,10.4293,6.5774
0.9778,10.2980,42.0830
0.9495,10.2071,17.9553
0.9051,10.1768,4.6292
0.9051,10.2374,4.6294
0.9586,9.7323,24.6617
0.9505,10.0960,18.5816
0.9859,9.7121,62.9721
0.9061,10.4091,4.7662
0.9869,10.1263,62.0686
0.9828,10.3283,48.0246
0.9889,10.1869,66.4493
0.9838,9.9444,55.0613
0.9313,9.9646,10.0304
0.9061,10.1364,4.7653
0.9232,9.8030,7.8618
0.9323,10.2677,10.3478
0.9071,10.2980,4.9062
0.9939,10.0051,63.8157
0.9162,9.7424,6.3827
0.9374,10.3990,12.1051
0.9788,10.0455,45.9555
0.9818,9.7626,47.0278
0.9131,10.0960,5.8447
0.9939,10.0960,70.0431
0.9222,10.0051,7.6309
0.9475,10.3586,16.7780
0.9061,9.9343,4.7647
0.9717,9.9141,36.7009
0.9465,9.8939,16.2177
0.9404,9.7121,13.3172
0.9939,9.7828,88.5454
0.9061,9.7222,4.7641
0.9455,10.2374,15.6902
0.9212,10.4697,7.4079
0.9172,10.3788,6.5769
0.9212,10.4899,7.4083
0.9515,10.1768,19.2381
0.9737,10.2273,38.3143
0.9061,10.0253,4.7650
0.9525,10.2980,19.9243
0.9384,10.0455,12.4929
0.9040,9.7020,4.4960
0.9970,10.2879,90.5677
0.9636,10.0657,29.6008
0.9020,10.1970,4.2445
0.9576,9.9848,23.7973
0.9980,10.3384,99.6187
0.9889,10.0657,66.5792
0.9556,9.9545,22.1638
0.9859,9.9040,63.1004
0.9364,10.4495,11.7285
0.9010,10.4596,4.1250
0.9232,10.1566,7.8637
0.9030,10.4899,4.3697
0.9273,10.3081,8.8755
0.9566,9.7020,22.9636
0.9232,10.1162,7.8635
0.9384,10.3384,12.4957
0.9212,10.0758,7.4059
0.9960,9.7525,103.9783
0.9909,10.0253,71.5633
0.9293,10.1869,9.4336
0.9949,9.9646,89.7151
0.9354,9.8131,11.3597
0.9081,10.3586,5.0512
0.9576,10.3283,23.8046
0.9667,10.2778,33.1635
0.9970,9.7020,90.0053
0.9485,10.1162,17.3521
0.9111,9.7727,5.5110
0.9828,9.6919,47.6358
0.9697,9.7828,35.1995
0.9909,9.7323,69.9990
0.9303,9.9040,9.7258
0.9071,10.2172,4.9064
0.9273,9.9848,8.8733
0.9980,10.0455,97.8495
0.9616,10.0051,27.4943
0.9354,9.7525,11.3591
0.9727,10.1970,37.5231
0.9869,10.2172,62.2142
0.9141,9.9141,6.0182
0.9990,10.1768,138.0534
0.9444,9.8232,15.1736
0.9162,9.9646,6.3836
0.9010,10.4394,4.1243
0.9051,9.9040,4.6284
0.9384,10.0657,12.4932
0.9576,9.9242,23.7963
d_prime,max_oil_cooling,Profit
0.9997,5.2929,102.8760
0.9989,4.5455,38.8004
0.9926,4.8687,66.7130
0.9983,5.6768,70.5301
0.9914,4.3030,36.0902
1.0084,5.0303,167.2626
1.0092,5.7576,169.3814
0.9926,5.1515,28.2126
0.9963,4.3434,88.4920
0.9924,4.4242,58.7506
0.9942,5.3333,90.1257
0.9908,4.9495,25.2494
0.9965,4.5859,92.2604
1.0064,5.6566,168.6088
1.0007,5.2121,-1605.1439
0.9991,5.0909,51.3857
1.0003,4.4848,109.8041
1.0076,5.5960,167.3481
1.0031,4.8283,166.5035
1.0025,5.7980,170.9924
0.9906,4.6263,44.3695
0.9991,5.8384,114.0596
0.9906,4.2626,44.6162
1.0047,4.9899,166.5990
1.0096,4.9091,167.1071
0.9906,4.6667,35.5979
1.0043,5.2525,168.6221
1.0080,5.8586,169.0786
0.9924,5.0101,64.2815
1.0033,5.3535,168.3823
0.9904,5.0707,49.7619
1.0011,5.1313,-934.0928
1.0056,5.1919,167.9594
0.9997,5.9596,28.2373
0.9997,5.9798,95.1279
0.9999,4.0000,156.4758
0.9999,4.0202,101.1473
0.9999,4.0606,92.7814
0.9999,4.0808,156.9043
0.9999,4.1212,156.9206
0.9999,4.1414,121.4013
0.9999,4.1818,90.4323
0.9999,4.2020,113.5934
0.9999,4.2424,64.9842
1.0052,4.0404,161.0401
1.0090,4.2222,163.8934
1.0037,4.9697,166.5278
1.0094,5.1717,167.0658
0.9981,4.2828,96.9807
0.9934,4.3232,61.2689
1.0015,4.9293,167.2228
1.0086,4.1010,162.9084
0.9997,4.6263,96.0428
0.9993,4.6061,46.3702
0.9902,4.9091,68.2987
1.0096,4.1616,163.6381
0.9900,5.1111,68.6282
0.9951,4.8283,84.9052
0.9928,5.6768,83.8972
0.9975,4.8485,86.8452
1.0064,5.0505,165.2172
0.9981,4.6667,74.9459
1.0074,4.5859,165.7625
1.0090,4.6667,164.9243
0.9940,4.0404,85.9377
0.9961,5.9596,91.6184
1.0007,5.6566,108.5040
0.9914,4.1616,46.8633
1.0100,5.2121,168.0435
1.0082,5.3535,168.8550
0.9942,4.8889,75.9034
0.9938,5.2929,63.8028
1.0088,5.1111,166.9273
1.0049,4.4848,164.9589
0.9930,5.6566,85.0312
1.0090,4.8687,166.7269
0.9948,4.0000,88.9710
0.9922,5.1717,44.2099
0.9910,4.6465,56.0486
1.0021,4.3434,164.7676
0.9908,5.0505,29.4886
1.0017,4.2626,164.2354
1.0092,4.2828,163.6996
0.9906,5.2121,37.4576
0.9918,4.0808,34.2400
0.9912,4.9697,44.9125
0.9906,4.1212,-25.3158
0.9902,4.2020,47.8813
1.0096,4.8485,165.8241
1.0049,4.3030,162.8230
0.9902,4.2222,45.3349
0.9914,5.0303,32.6197
1.0088,5.0707,167.2957
1.0098,4.0606,163.4620
1.0068,4.3232,112.0628
0.9900,5.3333,68.8563
1.0017,5.3333,167.1346
1.0031,5.9596,171.6767
1.0025,5.9798,171.4066
1.0041,4.9495,167.2818

0.9485,5.0732,17.3515
0.9717,4.8914,36.6986
0.9152,4.9621,6.1981
0.9626,4.8460,28.5221
0.9121,4.8258,5.6748
0.9808,5.1187,46.8858
0.9545,5.0025,21.3820
0.9980,5.1086,103.3562
0.9667,4.9369,33.1286
0.9889,4.9975,66.5158
0.9323,4.8106,10.3449
0.9657,4.8106,31.9328
0.9970,4.9470,90.3023
0.9758,5.0429,40.0316
0.9374,4.9066,12.1007
0.9182,4.8561,6.7723
0.9990,5.1338,127.5133
0.9091,4.9369,5.1991
0.9879,5.0732,63.2470
0.9172,4.9874,6.5752
0.9434,5.0429,14.6848
0.9535,5.0985,20.6360
0.9222,5.0379,7.6310
0.9141,5.0581,6.0189
0.9646,4.9773,30.7346
0.9414,4.8712,13.7559
0.9131,5.0783,5.8446
0.9101,5.0076,5.3537
0.9434,4.9520,14.6838
0.9212,4.7955,7.4049
0.9949,4.9722,91.9312
0.9030,4.9167,4.3683
0.9626,5.1288,28.5289
0.9798,4.8308,46.3012
0.9949,5.0429,94.7851
0.9737,4.9167,38.2569
0.9374,4.8359,12.1001
0.9960,5.0227,104.6272
0.9434,5.1187,14.6856
0.9172,4.8763,6.5747
0.9576,5.1439,23.8007
0.9586,5.1591,24.6709
0.9646,4.8712,30.7317
0.9354,4.9773,11.3610
0.9101,4.8965,5.3527
0.9444,4.9268,15.1748
0.9677,5.0177,33.8184
0.9000,4.9672,4.0060
0.9101,5.0934,5.3534
0.9364,5.0227,11.7250
0.9485,5.1692,17.3528
0.9414,5.1439,13.7586
0.9848,5.0934,59.9406
0.9455,4.8005,15.6859
0.9646,4.7955,30.7292
0.9091,5.0278,5.1994
0.9768,4.9520,40.9828
0.9758,4.8611,39.9939
0.9899,5.1439,69.0768
0.9576,4.8258,23.7941
0.9061,4.8662,4.7645
0.9707,4.7854,35.9335
0.9657,5.0884,31.9409
0.9202,4.9268,7.1875
0.9838,4.8460,54.8998
0.9303,5.1389,9.7271
0.9444,4.8510,15.1740
0.9364,5.0076,11.7248
0.9253,4.9470,8.3512
0.9818,5.1540,25.3076
0.9000,5.0985,4.0062
0.9232,5.0934,7.8634
0.9808,5.0581,46.8543
0.9374,5.1641,12.1036
0.9626,4.9015,28.5233
0.9556,5.0480,22.1652
0.9364,5.1035,11.7254
0.9343,5.0833,11.0113
0.9576,5.0328,23.7983
0.9980,5.0682,94.6146
0.9970,5.0884,90.9506
0.9697,5.1086,35.2409
0.9758,4.9874,39.9919
0.9485,4.9874,17.3506
0.9566,4.8864,22.9672
0.9848,4.8207,59.7881
0.9798,4.9015,-18.9002
0.9333,4.9621,10.6720
0.9828,5.0076,16.4574
0.9354,4.9924,11.3610
0.9808,4.8106,46.7256
0.9222,4.8308,7.6300
0.9657,4.9520,31.9361
0.9848,5.0328,59.9068
0.9253,4.9167,8.3508
0.9727,5.1338,37.5106
0.9212,5.0682,7.4059
0.9505,4.9369,18.5791
0.9384,4.8207,12.4912
0.9960,4.9823,104.3656
load_effect,max_cooling_system_cooling,Profit
1.2273,10.2929,42.4206
0.6818,10.8990,8.6390
1.8030,10.2727,108.0793
1.3788,9.6869,92.4292
0.7727,10.1717,39.6850
1.0606,10.9798,53.8931
1.6212,10.5758,51.3914
0.6515,10.5354,105.8364
1.3939,10.9394,12.8249
0.5152,10.9596,56.0401
1.2576,9.6465,107.4759
1.8636,10.1313,105.3536
1.5000,10.0303,51.4742
1.1061,10.6162,72.9137
0.8788,10.0101,50.0567
1.0909,9.7071,91.6632
0.5152,10.7172,68.6695
1.8182,10.4747,131.1359
1.3939,10.6970,111.3187
1.9545,10.3333,49.7718
1.9848,10.4747,71.4311
0.6970,10.3131,51.5966
1.0000,9.7071,92.3612
2.0000,10.5758,51.9339
0.8788,10.7374,11.1969
1.2121,9.9293,40.1649
1.3030,10.9798,51.5934
1.6818,10.0707,48.4803
1.5909,10.7374,132.6138
1.0606,9.6061,31.4415
0.6818,10.1515,57.3669
1.9394,10.1111,76.1940
1.5455,10.8586,96.5056
0.9697,10.4545,57.6431
1.7424,10.7172,113.1798
0.9394,9.8485,100.3508
1.3485,10.1515,83.7361
0.6212,10.7576,54.4775
1.4394,10.4545,52.6917
1.0455,9.5455,47.1285
1.0152,10.2121,44.9850
1.6667,10.8586,43.7646
0.5606,10.6162,49.3821
0.6061,10.9394,63.3168
0.6515,10.0909,59.6293
1.2121,10.9192,43.0932
0.6364,10.0303,94.3343
1.8030,10.7576,52.6365
1.5909,10.2323,79.6091
1.9848,10.1111,52.8202
1.2879,9.8283,90.1282
1.1667,10.7576,134.9515
0.8182,10.4949,41.2627
1.1818,11.0000,70.2904
0.9545,10.8182,57.4236
1.0606,10.0303,87.5974
0.9848,9.5859,143.9110
1.2576,10.4747,141.1232
0.8636,9.8485,72.6860
1.9242,10.0505,47.0572
1.4848,10.9394,53.4337
1.3636,9.6465,27.5236
0.7576,10.7980,45.8971
0.6212,10.4747,96.1565
1.3333,9.9899,53.2526
1.5303,10.3535,50.7480
0.7879,9.9697,80.5163
1.8030,10.6566,15.0583
1.1061,10.3737,90.3633
1.7727,10.8182,105.6650
1.1212,9.5657,131.3727
1.8788,10.5960,94.7158
0.8788,10.2727,46.3198
1.8485,10.0505,95.4959
0.9242,10.6162,5.5945
1.0758,9.5051,46.5576
1.6515,10.3737,17.5530
1.1818,10.1313,-116.8973
0.5606,10.7778,53.6423
1.2727,10.6162,46.4325
1.9545,10.6162,60.5712
1.5303,10.9596,54.3862
0.7879,10.8586,57.6440
1.4697,10.1717,53.7852
1.3636,9.9091,88.3887
1.7273,10.8788,43.9025
0.5455,10.9596,54.4195
1.9545,10.4141,82.4790
1.3182,10.7980,96.9981
0.7727,10.3737,79.9227
0.5152,10.6566,66.5084
0.7121,10.0101,105.6014
1.7424,10.1717,130.9461
1.0606,10.7778,42.2147
1.0152,9.9091,38.2397
1.4394,10.5960,52.2298
0.8485,10.8788,62.3951
1.6364,10.0505,134.3274
1.3485,10.2727,71.8507
1.0000,9.5253,55.3697
0.9485,10.1465,141.4841
0.9525,9.7727,130.0832
0.9283,9.5808,138.9988
0.9182,9.5101,125.5198
0.9131,10.0859,137.0695
0.9101,9.8333,140.3546
0.9879,9.6818,126.1765
0.9869,10.1162,127.5480
0.9485,10.0253,127.4555
0.9929,9.6313,125.7833
0.9707,9.9848,137.5045
0.9182,10.1566,127.8629
0.9253,9.6515,126.1580
0.9071,9.7121,126.5024
0.9000,9.8636,126.9517
0.9566,9.8636,137.0624
0.9879,9.8333,141.1957
0.9798,10.0657,127.3781
0.9071,9.5909,125.9860
0.9586,10.1667,142.1529
0.9949,9.8737,126.5631
0.9758,9.9545,126.9774
0.9232,9.9040,127.0477
0.9273,9.5101,125.4217
0.9000,9.7323,132.4703
0.9061,9.7929,126.8067
0.9869,10.0253,127.2198
0.9313,9.9444,127.2726
0.9051,9.6717,126.3525
0.9990,9.6515,125.8216
0.9020,10.0960,127.6747
0.9273,9.9848,127.4411
0.9677,9.7020,126.1303
0.9838,9.9040,143.9584
0.9717,9.7626,138.6140
0.9838,9.8030,126.3881
0.9485,9.6313,125.7634
0.9323,10.1162,127.6879
0.9121,9.9545,143.2119
0.9313,10.1667,137.4165
0.9990,9.9141,131.5925
0.9960,9.9646,127.1355
0.9434,10.0556,127.6107
0.9758,9.7222,126.1533
0.9778,10.0960,127.4628
0.9657,9.6212,125.7401
0.9253,10.0354,137.7708
0.9313,9.7525,126.4418
0.9071,9.9343,126.8025
0.9000,9.9141,127.0721
1.0000,10.0253,137.6901
0.9687,10.1465,127.7140
0.9162,10.0152,127.4454
0.9788,10.1566,127.7781
0.9990,9.8434,126.5749
0.9162,9.6010,125.9534
0.9293,9.7020,13.1117
0.9586,9.8030,126.4752
0.9162,9.8131,127.2456
0.9465,9.6717,126.3153
0.9545,9.9141,126.9381
0.9263,9.8737,88.3796
0.9970,9.8030,137.1362
0.9444,9.6111,125.9508
0.9091,9.9747,127.1907
0.9919,9.6212,125.7701
0.9869,10.1465,138.1263
0.9545,10.0960,127.5665
0.9939,9.6919,143.4095
0.9404,9.8434,126.8335
0.9071,9.9949,127.6027
0.9030,9.7828,126.5728
0.9121,9.7525,126.4373
0.9838,10.0455,127.3214
0.9232,10.1263,127.7814
0.9556,9.7323,126.3203
0.9798,10.0051,127.3238
0.9121,9.6111,133.5021
0.9071,9.6212,125.9881
0.9646,9.8838,126.8287
0.9758,9.6515,126.0086
0.9101,9.8838,126.9236
0.9758,9.7424,126.4552
0.9596,9.9444,126.9611
0.9444,10.0758,127.4014
0.9101,10.0758,133.8496
0.9121,9.6818,138.2047
0.9970,9.7020,125.9449
0.9364,9.8131,126.5984
0.9475,9.9747,137.5665
0.9657,9.8333,136.9101
0.9182,10.1465,127.9001
0.9939,9.8939,133.0179
0.9859,9.9242,137.6123
0.9970,9.9545,137.6111
0.9596,10.1162,127.8102
0.9263,9.7828,126.4769
0.9869,9.7323,142.1702
0.9000,9.9444,127.3574
0.9121,10.1263,127.7321
load_effect,max_oil_cooling,Profit
1.2273,5.2929,50.2772
0.6818,5.8990,44.9713
1.8182,5.4343,133.9752
1.7576,4.9293,1.5979
0.5606,5.6364,54.1282
1.5303,5.8182,68.0809
1.7879,4.7475,78.5651
1.1970,4.9495,88.6698
0.5758,5.4545,20.0194
1.5000,5.9596,89.7422
1.9394,5.2525,39.6212
0.8485,5.9394,63.8849
1.4848,4.8081,103.3792
1.9394,4.7879,50.0510
0.9242,5.3131,56.7670
1.1364,5.7980,13.3313
1.5455,4.6667,79.5451
1.1212,4.8485,55.8279
0.9848,4.8889,45.5826
1.5152,5.5152,76.2139
0.7879,5.2525,78.9272
1.7121,5.5758,6.2444
0.8485,5.6970,57.1823
1.9697,5.1717,61.8453
0.5455,5.7172,63.8036
1.8333,5.5960,132.4037
1.2727,4.7677,56.8587
1.4091,5.9192,91.1955
0.9394,5.9394,43.1063
1.8182,5.6970,108.2688
1.7121,4.6869,110.2613
1.4242,5.1313,83.9802
1.1970,5.5354,130.6386
0.8030,5.1717,53.5963
1.6061,5.8990,133.0176
0.5909,5.3939,135.8098
1.7879,5.1717,106.4144
1.0000,5.0909,63.9039
0.6515,5.2929,48.1547
1.2576,4.7071,105.1712
1.1061,4.7475,98.0617
0.6667,5.7576,46.6512
1.3788,5.6768,88.4585
0.8485,5.0505,57.0555
1.5758,4.9899,131.8196
0.9848,4.7879,12.5077
1.0455,5.6768,111.2943
0.6212,5.8586,66.9884
1.5909,5.1919,137.1259
1.6515,5.8182,90.1618
0.9697,5.9798,94.4540
0.8182,5.5354,52.5184
1.3788,5.3535,69.6588
1.6515,4.6667,53.3867
1.9091,5.3131,59.5227
0.9091,4.8687,26.3713
1.3333,5.7980,45.9980
1.6212,5.3535,54.1552
0.7576,5.0909,47.7449
1.0758,5.4545,25.9602
1.8182,4.8081,114.5679
1.2273,5.1111,51.6918
0.5909,5.2929,52.0192
1.2273,5.8384,115.4708
1.9394,5.1313,46.3154
1.3333,4.7071,-236.7022
0.6667,5.5960,56.5404
1.7727,5.0303,132.9977
0.7273,5.9192,98.9505
1.8485,4.9495,80.0053
1.3788,4.9697,104.8304
1.0000,5.8182,21.6757
1.7576,5.6768,110.1133
1.6212,5.6768,59.7701
1.3939,5.9596,50.2487
1.1212,5.2727,51.1995
1.3333,5.9596,85.7485
0.8030,5.4141,65.1568
1.5758,4.8283,101.8325
1.7424,5.2929,80.9581
1.3030,5.4747,106.5740
1.4545,4.7273,76.2586
0.8939,4.9293,42.1819
0.9545,5.5152,94.3275
0.5303,5.6162,95.5088
0.8485,5.9798,35.4411
0.9394,4.7879,99.7790
1.6667,5.4545,47.2469
1.0606,5.8788,57.6084
1.1970,4.7071,87.8032
1.3939,5.2525,89.0936
1.4848,5.6566,96.3516
1.7424,5.7374,63.7700
1.1061,5.0505,64.9065
1.7273,5.7980,90.3594
1.6818,4.8283,6.7809
1.2424,5.6566,-4.1326
0.5152,5.7172,55.0110
1.8485,5.3737,106.5605
1.6515,5.0909,60.9589

0.9485,5.0732,137.6925
0.9717,4.8914,136.9924
0.9848,5.1288,127.6729
0.9293,4.9167,89.5961
0.9192,5.0126,127.3861
0.9899,4.9722,127.0575
0.9444,5.1237,133.9164
0.9505,4.8763,132.8616
0.9909,5.0682,127.3771
0.9020,5.0429,139.8478
0.9111,5.1035,127.8094
0.9879,4.9318,126.8593
0.9182,4.9520,127.1387
0.9889,5.0126,135.5927
0.9758,4.8712,126.4946
1.0000,4.9015,126.8578
0.9010,5.0833,140.5543
0.9051,4.9318,127.1493
0.9596,5.1338,127.9133
0.9091,4.9066,122.2839
0.9879,5.0884,133.5493
0.9414,4.9823,127.1006
0.9313,4.8813,126.8004
0.9899,5.0480,127.5009
0.9010,5.0227,127.5645
0.9556,5.1439,127.7917
0.9747,4.8611,135.2748
0.9455,5.0278,127.4865
0.9980,4.9823,127.0262
0.9545,4.9419,126.9016
0.9162,4.9773,127.3358
0.9303,5.1187,133.8503
0.9071,5.1136,128.0257
0.9263,5.1338,127.8468
0.9970,4.9217,126.7659
0.9747,5.1035,127.5702
0.9293,5.0631,127.4512
0.9051,4.9672,127.2293
0.9737,5.0328,140.4569
0.9020,5.0682,127.6387
0.9657,5.0025,133.0585
0.9333,5.1439,127.7985
0.9687,4.9621,126.9913
0.9939,4.9470,139.6767
0.9081,4.9975,127.5434
0.9737,5.1389,138.3199
0.9737,5.1490,127.7663
0.9384,4.9015,127.0600
0.9657,5.0530,127.4079
0.9889,5.1035,110.4611
0.9949,5.0379,137.9019
0.9040,4.9470,143.1488
0.9374,5.0934,137.8877
0.9737,4.9217,126.8932
0.9343,5.0429,127.3554
0.9444,4.9571,127.0862
0.9677,4.8611,137.0977
0.9869,5.1389,127.6896
0.9596,4.9066,127.0544
0.9485,5.0076,127.3763
0.9828,4.9975,137.2066
0.9646,5.0884,127.5840
0.9636,4.8561,126.7408
0.9505,4.8662,132.8508
0.9303,4.9318,127.0177
0.9222,5.0833,127.6509
0.9172,5.0328,127.4738
0.9263,4.8965,124.9064
0.9859,4.9066,126.9114
0.9384,5.1490,134.1812
0.9626,4.9874,127.1409
0.9061,4.9874,127.3806
0.9929,4.9571,136.0336
0.9929,5.0278,127.1895
0.9101,5.0530,127.6695
0.9111,4.9167,126.9290
0.9606,5.1136,127.2821
0.9768,5.0631,127.4172
0.9263,4.9975,127.2977
0.9960,5.0732,127.3141
0.9010,5.0025,127.4197
0.9455,4.9268,126.9388
0.9798,4.8864,126.6099
0.9465,5.0581,140.5776
0.9899,5.1237,138.2240
0.9414,4.8712,126.7358
0.9636,5.0177,127.2514
0.9586,4.9722,127.0852
0.9333,4.9672,127.1425
0.9192,5.1187,127.8052
0.9970,5.0530,141.0328
0.9657,4.9369,137.3385
0.9384,5.1540,138.4573
0.9828,4.8712,126.4864
0.9424,5.1035,137.9294
1.0000,4.9520,126.9071
0.9909,4.9975,127.1923
0.9939,5.0985,127.5046
0.9929,5.1136,127.6124
0.9485,5.0429,127.4580
max_cooling_system_cooling,max_oil_cooling,Profit
9.9697,5.2929,26.2540
10.8788,5.0505,92.9568
9.8889,4.6061,-3.9236
10.1919,4.1010,43.7817
10.9394,5.3535,111.8044
10.3939,5.6566,18.6197
10.4343,4.6667,107.3996
9.6263,4.3232,-46.0817
9.2626,4.3030,48.2227
10.5354,5.2323,9.9779
10.5960,4.4646,98.3034
9.8485,4.0808,92.8500
10.0909,5.5152,69.1603
9.1616,4.2828,87.6636
9.8081,5.1313,51.0632
10.6364,5.4949,45.0187
9.4848,4.1616,43.4525
10.2121,4.0000,124.0499
10.3939,4.1010,50.6295
10.6970,4.7879,35.3425
9.5859,4.0202,35.6752
9.3030,4.0808,47.2050
10.7172,4.4242,52.9845
10.2929,5.6364,-0.3876
9.9091,4.9293,54.6102
9.4646,4.4848,53.0822
10.8384,5.2929,80.8304
9.6263,4.6465,110.8274
10.2121,5.0303,5.4091
10.5152,4.3030,2.3997
10.5758,5.5758,81.2046
10.2121,5.6768,85.8823
10.0909,4.3838,-2.3550
9.9697,5.4343,41.0127
10.9192,5.1313,36.0819
10.7980,4.8889,-223.3195
9.5051,4.6263,34.2685
9.3838,4.5859,45.2908
9.6869,4.0404,58.4816
9.7677,5.0101,60.5968
10.3131,4.0202,41.1667
10.5354,5.0101,60.8363
9.8687,4.0000,33.1490
10.3131,5.3939,45.2226
10.1515,4.7071,10.9645
10.2727,5.7374,44.7023
9.3636,4.0606,29.6021
9.1414,4.3232,80.3838
10.6970,4.6869,92.2612
10.2929,4.3838,59.1145
10.7576,4.6061,48.0015
10.6970,5.5152,76.8937
10.7980,4.5253,72.4080
10.9596,5.0505,43.6911
9.9293,4.3232,43.5106
10.4949,5.6566,54.8378
10.2121,5.2323,58.5221
9.2626,4.1818,41.8994
9.7475,4.7071,36.3550
10.3535,5.7576,103.6231
10.0707,4.1212,84.9106
10.3939,4.8687,56.6194
9.9091,5.1717,66.7184
9.7071,4.9899,49.0268
10.6970,5.3535,59.5312
10.0101,4.0404,84.5636
9.4040,4.3636,30.6208
10.2323,4.5657,49.5728
10.1313,5.5960,13.2390
10.7172,5.1111,92.4940
10.8182,4.6869,-3.6298
9.7071,4.8889,36.8803
10.1111,4.8687,63.5693
10.3737,4.3030,49.9615
9.7879,4.2424,-9.8681
10.1313,5.6768,100.4661
10.3737,5.1313,6.0191
10.5758,4.3232,41.4876
9.6465,4.8081,64.3776
9.7879,4.4242,42.5960
9.4242,4.0606,34.1863
10.0707,5.6566,-1.0118
9.3232,4.0202,53.4069
10.6162,5.6162,55.2148
10.0707,5.0505,94.4390
10.4343,4.5253,95.9913
9.7273,4.0000,38.1443
10.3939,4.1818,61.4501
9.2020,4.2020,39.4667
10.4343,5.4545,1.7336
10.0101,4.5455,-0.8339
10.8384,4.6061,50.5845
10.0707,5.3333,138.3408
10.6162,4.9091,95.0276
10.0505,5.6970,42.9846
9.6061,4.4646,90.1688
9.7475,5.1111,53.3180
10.8384,4.9495,135.5142
10.7374,5.2121,55.3049
9.9697,4.8081,50.3706

9.9848,5.0732,127.5840
9.7727,4.7702,136.1919
10.2475,4.9167,127.4758
10.1566,5.1641,90.8425
10.1263,4.7854,126.6635
9.8434,5.0732,126.9092
10.0253,5.2348,143.4092
10.2980,4.8460,127.3846
9.9040,4.8207,132.0480
9.7222,4.7803,125.2865
9.7222,4.8864,125.6872
9.8131,5.1338,138.4814
9.7121,4.9773,136.6572
10.1364,5.0076,138.2222
10.2172,5.0429,145.3585
10.0556,4.8005,126.6419
9.7222,5.0429,126.3963
9.6818,4.7702,133.6197
10.0051,4.7601,126.1248
9.9848,5.1793,141.1663
9.6515,4.8157,131.5396
10.2374,4.8460,137.8136
9.9545,4.9621,132.7364
10.1970,5.0985,134.2949
9.6717,5.0025,126.0889
9.6414,5.0227,136.6713
10.0657,4.9268,126.9758
10.0960,5.1591,130.1246
10.2879,4.9167,111.0534
10.0960,4.7500,126.5830
9.8535,4.8813,126.0883
9.6212,4.9874,113.7647
10.1768,5.1843,128.2734
9.9444,5.1389,141.1371
9.9949,5.2399,131.8895
9.6616,4.8965,136.2504
10.1667,4.8359,133.0266
9.8030,4.9672,126.2348
9.8838,4.7904,141.7855
9.7828,5.1035,126.8159
10.0556,5.0732,127.6459
10.2071,5.1490,128.2409
10.2071,4.9672,139.7922
9.6010,5.0076,125.5589
9.9646,4.8005,139.3349
9.9141,5.0530,142.6505
9.8131,4.8005,136.1258
10.0354,4.9874,127.3632
9.6111,4.9520,131.6192
10.0253,4.8864,142.7346
9.8636,4.9571,126.3769
10.1263,4.9116,127.1173
9.6717,5.0581,126.2532
9.9242,5.1641,127.5186
10.2273,5.1288,29.7243
10.2172,4.8258,137.8873
9.7727,4.8611,125.7652
9.9242,4.8914,126.3286
10.0455,5.1540,128.0602
10.1970,4.8005,127.0224
10.2374,5.0934,141.8309
9.7929,5.0278,126.3592
10.2980,4.8965,138.3887
10.1061,5.0682,138.9201
9.6515,4.8712,88.0350
9.8131,4.7702,125.4537
9.8737,5.1035,137.7323
9.6717,5.0783,126.2318
10.2374,4.9722,127.7171
10.1869,5.1995,128.4538
9.8838,5.1439,127.3788
10.0152,4.8157,126.5552
10.2980,4.9369,90.4066
9.7828,4.9116,141.4408
10.0455,4.7652,133.3950
10.0960,4.9722,140.5123
10.1465,5.1995,101.5963
9.7121,4.8308,125.5430
9.6212,4.9268,125.4372
9.8636,5.0025,137.4098
9.9242,4.7854,139.5377
9.9646,5.1995,127.7624
10.1667,4.9217,127.2825
9.9848,4.9823,119.8010
10.1263,4.8308,136.1245
10.1566,5.0480,138.5065
9.9545,5.0227,127.1123
9.9545,4.8510,137.0356
9.7929,5.1338,126.8722
10.0758,4.8460,132.6154
10.1263,5.1187,141.6932
9.7626,5.0581,126.5249
9.7424,4.9369,125.9021
10.0051,5.1035,138.0366
9.9141,5.1843,127.4890
10.2475,5.1237,136.3028
10.2576,5.1389,91.1095
9.9545,4.9167,126.5750
9.8535,5.1490,127.3304
10.1970,4.7854,140.6042
