d_prime,load_effect,Profit
0.9485,0.9646,17.3506
0.9848,0.9949,59.8900
0.9485,0.9636,17.3505
0.9374,0.9313,12.1016
0.9131,0.9424,5.8443
0.9556,0.9960,22.1646
0.9778,0.9667,42.0077
0.9162,0.9687,6.3840
0.9434,0.9121,14.6847
0.9192,0.9202,6.9771
0.9162,0.9040,6.3838
0.9061,0.9798,4.7653
0.9556,0.9040,22.1647
0.9051,0.9929,4.6287
0.9848,0.9566,59.9015
0.9657,0.9586,31.9380
0.9586,0.9808,24.6676
0.9596,0.9475,25.5816
0.9616,0.9131,27.4947
0.9384,0.9020,12.4927
0.9172,0.9848,6.5755
0.9636,0.9374,29.6000
0.9687,0.9263,34.5136
0.9515,0.9283,19.2355
0.9162,0.9970,6.3838
0.9071,0.9636,4.9053
0.9788,0.9778,45.9391
0.9465,0.9970,16.2190
0.9677,0.9899,33.8171
0.9788,0.9485,45.9445
0.9212,0.9323,7.4056
0.9061,0.9525,4.7650
0.9899,0.9495,68.8791
0.9758,0.9364,40.0224
0.9414,0.9707,13.7572
0.9293,0.9000,9.4325
0.9515,0.9424,19.2354
0.9657,0.9990,31.9382
0.9253,0.9828,8.3513
0.9253,0.9121,8.3513
0.9475,0.9788,16.7731
0.9242,0.9960,8.1031
0.9606,0.9717,26.5153
0.9263,0.9727,8.6080
0.9374,0.9212,12.1015
0.9172,0.9485,6.5753
0.9384,0.9970,12.4928
0.9909,0.9949,68.7475
0.9313,0.9364,10.0307
0.9828,0.9859,47.8276
0.9091,1.0000,5.1992
0.9838,0.9697,54.7235
0.9343,0.9677,11.0106
0.9677,0.9808,33.8176
0.9232,0.9444,7.8629
0.9566,0.9182,22.9697
0.9010,0.9869,4.1232
0.9040,0.9727,4.4966
0.9707,0.9444,35.9658
0.9283,0.9273,9.1481
0.9253,0.9505,8.3513
0.9949,0.9475,77.5773
0.9343,0.9101,11.0106
0.9202,0.9636,7.1878
0.9384,0.9384,12.4928
0.9485,0.9475,17.3507
0.9768,0.9303,41.0018
0.9949,0.9424,97.8688
0.9202,0.9000,7.1879
0.9646,0.9657,30.7352
0.9556,0.9333,22.1646
0.9485,0.9535,17.3505
0.9778,0.9889,42.0047
0.9788,0.9586,45.9426
0.9788,0.9960,45.8724
0.9434,0.9818,14.6843
0.9434,0.9515,14.6844
0.9525,0.9091,19.9197
0.9343,0.9737,11.0107
0.9202,0.9576,7.1878
0.9879,0.9606,52.5310
0.9727,0.9566,37.4934
0.9273,0.9212,8.8735
0.9121,0.9545,5.6755
0.9384,0.9515,12.4925
0.9636,0.9293,29.5996
0.9434,0.9030,14.6845
0.9081,0.9869,5.0500
0.9263,0.9657,8.6080
0.9535,0.9667,20.6345
0.9000,0.9747,4.0060
0.9657,0.9525,31.9382
0.9818,0.9444,47.3123
0.9717,0.9960,36.7146
0.9232,0.9889,7.8628
0.9424,0.9202,14.2119
0.9626,0.9879,28.5258
0.9495,0.9374,17.9524
0.9131,0.9808,5.8444
0.9556,0.9909,22.1643
d_prime,max_cooling_system_cooling,Profit
0.9485,10.1465,17.3526
0.9525,9.7727,19.9156
0.9111,10.3384,5.5130
0.9535,10.0253,20.6349
0.9172,10.4495,6.5774
0.9828,10.2576,47.9813
0.9273,9.7727,8.8720
0.9020,10.0556,4.2441
0.9788,9.9747,45.9239
0.9343,9.9242,11.0100
0.9172,10.4293,6.5774
0.9778,10.2980,42.0830
0.9495,10.2071,17.9553
0.9051,10.1768,4.6292
0.9051,10.2374,4.6294
0.9586,9.7323,24.6617
0.9505,10.0960,18.5816
0.9859,9.7121,62.9721
0.9061,10.4091,4.7662
0.9869,10.1263,62.0686
0.9828,10.3283,48.0246
0.9889,10.1869,66.4493
0.9838,9.9444,55.0613
0.9313,9.9646,10.0304
0.9061,10.1364,4.7653
0.9232,9.8030,7.8618
0.9323,10.2677,10.3478
0.9071,10.2980,4.9062
0.9939,10.0051,63.8157
0.9162,9.7424,6.3827
0.9374,10.3990,12.1051
0.9788,10.0455,45.9555
0.9818,9.7626,47.0278
0.9131,10.0960,5.8447
0.9939,10.0960,70.0431
0.9222,10.0051,7.6309
0.9475,10.3586,16.7780
0.9061,9.9343,4.7647
0.9717,9.9141,36.7009
0.9465,9.8939,16.2177
0.9404,9.7121,13.3172
0.9939,9.7828,88.5454
0.9061,9.7222,4.7641
0.9455,10.2374,15.6902
0.9212,10.4697,7.4079
0.9172,10.3788,6.5769
0.9212,10.4899,7.4083
0.9515,10.1768,19.2381
0.9737,10.2273,38.3143
0.9061,10.0253,4.7650
0.9525,10.2980,19.9243
0.9384,10.0455,12.4929
0.9040,9.7020,4.4960
0.9970,10.2879,90.5677
0.9636,10.0657,29.6008
0.9020,10.1970,4.2445
0.9576,9.9848,23.7973
0.9980,10.3384,99.6187
0.9889,10.0657,66.5792
0.9556,9.9545,22.1638
0.9859,9.9040,63.1004
0.9364,10.4495,11.7285
0.9010,10.4596,4.1250
0.9232,10.1566,7.8637
0.9030,10.4899,4.3697
0.9273,10.3081,8.8755
0.9566,9.7020,22.9636
0.9232,10.1162,7.8635
0.9384,10.3384,12.4957
0.9212,10.0758,7.4059
0.9960,9.7525,103.9783
0.9909,10.0253,71.5633
0.9293,10.1869,9.4336
0.9949,9.9646,89.7151
0.9354,9.8131,11.3597
0.9081,10.3586,5.0512
0.9576,10.3283,23.8046
0.9667,10.2778,33.1635
0.9970,9.7020,90.0053
0.9485,10.1162,17.3521
0.9111,9.7727,5.5110
0.9828,9.6919,47.6358
0.9697,9.7828,35.1995
0.9909,9.7323,69.9990
0.9303,9.9040,9.7258
0.9071,10.2172,4.9064
0.9273,9.9848,8.8733
0.9980,10.0455,97.8495
0.9616,10.0051,27.4943
0.9354,9.7525,11.3591
0.9727,10.1970,37.5231
0.9869,10.2172,62.2142
0.9141,9.9141,6.0182
0.9990,10.1768,138.0534
0.9444,9.8232,15.1736
0.9162,9.9646,6.3836
0.9010,10.4394,4.1243
0.9051,9.9040,4.6284
0.9384,10.0657,12.4932
0.9576,9.9242,23.7963
d_prime,max_oil_cooling,Profit
0.9485,5.0732,17.3515
0.9717,4.8914,36.6986
0.9152,4.9621,6.1981
0.9626,4.8460,28.5221
0.9121,4.8258,5.6748
0.9808,5.1187,46.8858
0.9545,5.0025,21.3820
0.9980,5.1086,103.3562
0.9667,4.9369,33.1286
0.9889,4.9975,66.5158
0.9323,4.8106,10.3449
0.9657,4.8106,31.9328
0.9970,4.9470,90.3023
0.9758,5.0429,40.0316
0.9374,4.9066,12.1007
0.9182,4.8561,6.7723
0.9990,5.1338,127.5133
0.9091,4.9369,5.1991
0.9879,5.0732,63.2470
0.9172,4.9874,6.5752
0.9434,5.0429,14.6848
0.9535,5.0985,20.6360
0.9222,5.0379,7.6310
0.9141,5.0581,6.0189
0.9646,4.9773,30.7346
0.9414,4.8712,13.7559
0.9131,5.0783,5.8446
0.9101,5.0076,5.3537
0.9434,4.9520,14.6838
0.9212,4.7955,7.4049
0.9949,4.9722,91.9312
0.9030,4.9167,4.3683
0.9626,5.1288,28.5289
0.9798,4.8308,46.3012
0.9949,5.0429,94.7851
0.9737,4.9167,38.2569
0.9374,4.8359,12.1001
0.9960,5.0227,104.6272
0.9434,5.1187,14.6856
0.9172,4.8763,6.5747
0.9576,5.1439,23.8007
0.9586,5.1591,24.6709
0.9646,4.8712,30.7317
0.9354,4.9773,11.3610
0.9101,4.8965,5.3527
0.9444,4.9268,15.1748
0.9677,5.0177,33.8184
0.9000,4.9672,4.0060
0.9101,5.0934,5.3534
0.9364,5.0227,11.7250
0.9485,5.1692,17.3528
0.9414,5.1439,13.7586
0.9848,5.0934,59.9406
0.9455,4.8005,15.6859
0.9646,4.7955,30.7292
0.9091,5.0278,5.1994
0.9768,4.9520,40.9828
0.9758,4.8611,39.9939
0.9899,5.1439,69.0768
0.9576,4.8258,23.7941
0.9061,4.8662,4.7645
0.9707,4.7854,35.9335
0.9657,5.0884,31.9409
0.9202,4.9268,7.1875
0.9838,4.8460,54.8998
0.9303,5.1389,9.7271
0.9444,4.8510,15.1740
0.9364,5.0076,11.7248
0.9253,4.9470,8.3512
0.9818,5.1540,25.3076
0.9000,5.0985,4.0062
0.9232,5.0934,7.8634
0.9808,5.0581,46.8543
0.9374,5.1641,12.1036
0.9626,4.9015,28.5233
0.9556,5.0480,22.1652
0.9364,5.1035,11.7254
0.9343,5.0833,11.0113
0.9576,5.0328,23.7983
0.9980,5.0682,94.6146
0.9970,5.0884,90.9506
0.9697,5.1086,35.2409
0.9758,4.9874,39.9919
0.9485,4.9874,17.3506
0.9566,4.8864,22.9672
0.9848,4.8207,59.7881
0.9798,4.9015,-18.9002
0.9333,4.9621,10.6720
0.9828,5.0076,16.4574
0.9354,4.9924,11.3610
0.9808,4.8106,46.7256
0.9222,4.8308,7.6300
0.9657,4.9520,31.9361
0.9848,5.0328,59.9068
0.9253,4.9167,8.3508
0.9727,5.1338,37.5106
0.9212,5.0682,7.4059
0.9505,4.9369,18.5791
0.9384,4.8207,12.4912
0.9960,4.9823,104.3656
load_effect,max_cooling_system_cooling,Profit
0.9485,10.1465,141.4841
0.9525,9.7727,130.0832
0.9283,9.5808,138.9988
0.9182,9.5101,125.5198
0.9131,10.0859,137.0695
0.9101,9.8333,140.3546
0.9879,9.6818,126.1765
0.9869,10.1162,127.5480
0.9485,10.0253,127.4555
0.9929,9.6313,125.7833
0.9707,9.9848,137.5045
0.9182,10.1566,127.8629
0.9253,9.6515,126.1580
0.9071,9.7121,126.5024
0.9000,9.8636,126.9517
0.9566,9.8636,137.0624
0.9879,9.8333,141.1957
0.9798,10.0657,127.3781
0.9071,9.5909,125.9860
0.9586,10.1667,142.1529
0.9949,9.8737,126.5631
0.9758,9.9545,126.9774
0.9232,9.9040,127.0477
0.9273,9.5101,125.4217
0.9000,9.7323,132.4703
0.9061,9.7929,126.8067
0.9869,10.0253,127.2198
0.9313,9.9444,127.2726
0.9051,9.6717,126.3525
0.9990,9.6515,125.8216
0.9020,10.0960,127.6747
0.9273,9.9848,127.4411
0.9677,9.7020,126.1303
0.9838,9.9040,143.9584
0.9717,9.7626,138.6140
0.9838,9.8030,126.3881
0.9485,9.6313,125.7634
0.9323,10.1162,127.6879
0.9121,9.9545,143.2119
0.9313,10.1667,137.4165
0.9990,9.9141,131.5925
0.9960,9.9646,127.1355
0.9434,10.0556,127.6107
0.9758,9.7222,126.1533
0.9778,10.0960,127.4628
0.9657,9.6212,125.7401
0.9253,10.0354,137.7708
0.9313,9.7525,126.4418
0.9071,9.9343,126.8025
0.9000,9.9141,127.0721
1.0000,10.0253,137.6901
0.9687,10.1465,127.7140
0.9162,10.0152,127.4454
0.9788,10.1566,127.7781
0.9990,9.8434,126.5749
0.9162,9.6010,125.9534
0.9293,9.7020,13.1117
0.9586,9.8030,126.4752
0.9162,9.8131,127.2456
0.9465,9.6717,126.3153
0.9545,9.9141,126.9381
0.9263,9.8737,88.3796
0.9970,9.8030,137.1362
0.9444,9.6111,125.9508
0.9091,9.9747,127.1907
0.9919,9.6212,125.7701
0.9869,10.1465,138.1263
0.9545,10.0960,127.5665
0.9939,9.6919,143.4095
0.9404,9.8434,126.8335
0.9071,9.9949,127.6027
0.9030,9.7828,126.5728
0.9121,9.7525,126.4373
0.9838,10.0455,127.3214
0.9232,10.1263,127.7814
0.9556,9.7323,126.3203
0.9798,10.0051,127.3238
0.9121,9.6111,133.5021
0.9071,9.6212,125.9881
0.9646,9.8838,126.8287
0.9758,9.6515,126.0086
0.9101,9.8838,126.9236
0.9758,9.7424,126.4552
0.9596,9.9444,126.9611
0.9444,10.0758,127.4014
0.9101,10.0758,133.8496
0.9121,9.6818,138.2047
0.9970,9.7020,125.9449
0.9364,9.8131,126.5984
0.9475,9.9747,137.5665
0.9657,9.8333,136.9101
0.9182,10.1465,127.9001
0.9939,9.8939,133.0179
0.9859,9.9242,137.6123
0.9970,9.9545,137.6111
0.9596,10.1162,127.8102
0.9263,9.7828,126.4769
0.9869,9.7323,142.1702
0.9000,9.9444,127.3574
0.9121,10.1263,127.7321
load_effect,max_oil_cooling,Profit
0.9485,5.0732,137.6925
0.9717,4.8914,136.9924
0.9848,5.1288,127.6729
0.9293,4.9167,89.5961
0.9192,5.0126,127.3861
0.9899,4.9722,127.0575
0.9444,5.1237,133.9164
0.9505,4.8763,132.8616
0.9909,5.0682,127.3771
0.9020,5.0429,139.8478
0.9111,5.1035,127.8094
0.9879,4.9318,126.8593
0.9182,4.9520,127.1387
0.9889,5.0126,135.5927
0.9758,4.8712,126.4946
1.0000,4.9015,126.8578
0.9010,5.0833,140.5543
0.9051,4.9318,127.1493
0.9596,5.1338,127.9133
0.9091,4.9066,122.2839
0.9879,5.0884,133.5493
0.9414,4.9823,127.1006
0.9313,4.8813,126.8004
0.9899,5.0480,127.5009
0.9010,5.0227,127.5645
0.9556,5.1439,127.7917
0.9747,4.8611,135.2748
0.9455,5.0278,127.4865
0.9980,4.9823,127.0262
0.9545,4.9419,126.9016
0.9162,4.9773,127.3358
0.9303,5.1187,133.8503
0.9071,5.1136,128.0257
0.9263,5.1338,127.8468
0.9970,4.9217,126.7659
0.9747,5.1035,127.5702
0.9293,5.0631,127.4512
0.9051,4.9672,127.2293
0.9737,5.0328,140.4569
0.9020,5.0682,127.6387
0.9657,5.0025,133.0585
0.9333,5.1439,127.7985
0.9687,4.9621,126.9913
0.9939,4.9470,139.6767
0.9081,4.9975,127.5434
0.9737,5.1389,138.3199
0.9737,5.1490,127.7663
0.9384,4.9015,127.0600
0.9657,5.0530,127.4079
0.9889,5.1035,110.4611
0.9949,5.0379,137.9019
0.9040,4.9470,143.1488
0.9374,5.0934,137.8877
0.9737,4.9217,126.8932
0.9343,5.0429,127.3554
0.9444,4.9571,127.0862
0.9677,4.8611,137.0977
0.9869,5.1389,127.6896
0.9596,4.9066,127.0544
0.9485,5.0076,127.3763
0.9828,4.9975,137.2066
0.9646,5.0884,127.5840
0.9636,4.8561,126.7408
0.9505,4.8662,132.8508
0.9303,4.9318,127.0177
0.9222,5.0833,127.6509
0.9172,5.0328,127.4738
0.9263,4.8965,124.9064
0.9859,4.9066,126.9114
0.9384,5.1490,134.1812
0.9626,4.9874,127.1409
0.9061,4.9874,127.3806
0.9929,4.9571,136.0336
0.9929,5.0278,127.1895
0.9101,5.0530,127.6695
0.9111,4.9167,126.9290
0.9606,5.1136,127.2821
0.9768,5.0631,127.4172
0.9263,4.9975,127.2977
0.9960,5.0732,127.3141
0.9010,5.0025,127.4197
0.9455,4.9268,126.9388
0.9798,4.8864,126.6099
0.9465,5.0581,140.5776
0.9899,5.1237,138.2240
0.9414,4.8712,126.7358
0.9636,5.0177,127.2514
0.9586,4.9722,127.0852
0.9333,4.9672,127.1425
0.9192,5.1187,127.8052
0.9970,5.0530,141.0328
0.9657,4.9369,137.3385
0.9384,5.1540,138.4573
0.9828,4.8712,126.4864
0.9424,5.1035,137.9294
1.0000,4.9520,126.9071
0.9909,4.9975,127.1923
0.9939,5.0985,127.5046
0.9929,5.1136,127.6124
0.9485,5.0429,127.4580
max_cooling_system_cooling,max_oil_cooling,Profit
9.9848,5.0732,127.5840
9.7727,4.7702,136.1919
10.2475,4.9167,127.4758
10.1566,5.1641,90.8425
10.1263,4.7854,126.6635
9.8434,5.0732,126.9092
10.0253,5.2348,143.4092
10.2980,4.8460,127.3846
9.9040,4.8207,132.0480
9.7222,4.7803,125.2865
9.7222,4.8864,125.6872
9.8131,5.1338,138.4814
9.7121,4.9773,136.6572
10.1364,5.0076,138.2222
10.2172,5.0429,145.3585
10.0556,4.8005,126.6419
9.7222,5.0429,126.3963
9.6818,4.7702,133.6197
10.0051,4.7601,126.1248
9.9848,5.1793,141.1663
9.6515,4.8157,131.5396
10.2374,4.8460,137.8136
9.9545,4.9621,132.7364
10.1970,5.0985,134.2949
9.6717,5.0025,126.0889
9.6414,5.0227,136.6713
10.0657,4.9268,126.9758
10.0960,5.1591,130.1246
10.2879,4.9167,111.0534
10.0960,4.7500,126.5830
9.8535,4.8813,126.0883
9.6212,4.9874,113.7647
10.1768,5.1843,128.2734
9.9444,5.1389,141.1371
9.9949,5.2399,131.8895
9.6616,4.8965,136.2504
10.1667,4.8359,133.0266
9.8030,4.9672,126.2348
9.8838,4.7904,141.7855
9.7828,5.1035,126.8159
10.0556,5.0732,127.6459
10.2071,5.1490,128.2409
10.2071,4.9672,139.7922
9.6010,5.0076,125.5589
9.9646,4.8005,139.3349
9.9141,5.0530,142.6505
9.8131,4.8005,136.1258
10.0354,4.9874,127.3632
9.6111,4.9520,131.6192
10.0253,4.8864,142.7346
9.8636,4.9571,126.3769
10.1263,4.9116,127.1173
9.6717,5.0581,126.2532
9.9242,5.1641,127.5186
10.2273,5.1288,29.7243
10.2172,4.8258,137.8873
9.7727,4.8611,125.7652
9.9242,4.8914,126.3286
10.0455,5.1540,128.0602
10.1970,4.8005,127.0224
10.2374,5.0934,141.8309
9.7929,5.0278,126.3592
10.2980,4.8965,138.3887
10.1061,5.0682,138.9201
9.6515,4.8712,88.0350
9.8131,4.7702,125.4537
9.8737,5.1035,137.7323
9.6717,5.0783,126.2318
10.2374,4.9722,127.7171
10.1869,5.1995,128.4538
9.8838,5.1439,127.3788
10.0152,4.8157,126.5552
10.2980,4.9369,90.4066
9.7828,4.9116,141.4408
10.0455,4.7652,133.3950
10.0960,4.9722,140.5123
10.1465,5.1995,101.5963
9.7121,4.8308,125.5430
9.6212,4.9268,125.4372
9.8636,5.0025,137.4098
9.9242,4.7854,139.5377
9.9646,5.1995,127.7624
10.1667,4.9217,127.2825
9.9848,4.9823,119.8010
10.1263,4.8308,136.1245
10.1566,5.0480,138.5065
9.9545,5.0227,127.1123
9.9545,4.8510,137.0356
9.7929,5.1338,126.8722
10.0758,4.8460,132.6154
10.1263,5.1187,141.6932
9.7626,5.0581,126.5249
9.7424,4.9369,125.9021
10.0051,5.1035,138.0366
9.9141,5.1843,127.4890
10.2475,5.1237,136.3028
10.2576,5.1389,91.1095
9.9545,4.9167,126.5750
9.8535,5.1490,127.3304
10.1970,4.7854,140.6042
