1 2 3 4 5 6 7 8 9 10
  1 0.83        97 0.509366   193 0.207952   289 0.138837   385 0.111648
  2 0.75        98 0.509366   194 0.207952   290 0.138837   386 0.111648
  3 0.64        99 0.509366   195 0.207952   291 0.138837   387 0.111648
  4 0.7        100 0.509366   196 0.207952   292 0.138837   388 0.111648
  5 0.64       101 0.509366   197 0.207952   293 0.138837   389 0.111648
  6 0.7        102 0.509366   198 0.207952   294 0.138837   390 0.111648
  7 0.83       103 0.509366   199 0.207951   295 0.138837   391 0.111648
  8 0.967056   104 0.509366   200 0.207952   296 0.138837   392 0.111648
  9 0.966722   105 0.509366   201 0.207952   297 0.138837   393 0.111648
 10 0.966388   106 0.509366   202 0.207952   298 0.138837   394 0.111648
 11 0.966054   107 0.509366   203 0.207952   299 0.138837   395 0.111648
 12 0.965721   108 0.509366   204 0.207952   300 0.138837   396 0.111648
 13 0.965388   109 0.509366   205 0.207952   301 0.138837   397 0.111648
 14 0.965056   110 0.509366   206 0.207951   302 0.138837   398 0.111648
 15 0.964724   111 0.509366   207 0.207952   303 0.138837   399 0.111648
 16 0.964392   112 0.509366   208 0.207952   304 0.138837   400 0.111648
 17 0.964061   113 0.509366   209 0.207952   305 0.138837   401 0.111648
 18 0.96373    114 0.509366   210 0.207952   306 0.138837   402 0.111648
 19 0.9634     115 0.509366   211 0.207952   307 0.117167   403 0.111648
 20 0.96307    116 0.509366   212 0.207952   308 0.116689   404 0.111648
 21 0.96274    117 0.509366   213 0.207933   309 0.116613   405 0.111648
 22 0.96241    118 0.509366   214 0.207951   310 0.124042   406 0.111648
 23 0.962081   119 0.509366   215 0.207952   311 0.116462   407 0.111648
 24 0.961752   120 0.509366   216 0.20791    312 0.116335   408 0.111648
 25 0.83       121 0.388505   217 0.180589   313 0.131366   409 0.109311
 26 0.75       122 0.388505   218 0.18059    314 0.131366   410 0.109311
 27 0.64       123 0.388505   219 0.18059    315 0.131366   411 0.109311
 28 0.7        124 0.388505   220 0.18059    316 0.131366   412 0.109311
 29 0.64       125 0.388505   221 0.18059    317 0.131366   413 0.109311
 30 0.7        126 0.388505   222 0.18059    318 0.131366   414 0.109311
 31 0.83       127 0.388505   223 0.18059    319 0.131366   415 0.109311
 32 0.959475   128 0.388505   224 0.18059    320 0.131366   416 0.109311
 33 0.959149   129 0.388505   225 0.18059    321 0.131366   417 0.109311
 34 0.958824   130 0.388505   226 0.18059    322 0.131366   418 0.109311
 35 0.958498   131 0.388505   227 0.18059    323 0.131366   419 0.109311
 36 0.958174   132 0.388505   228 0.18059    324 0.131366   420 0.109311
 37 0.957849   133 0.388505   229 0.18059    325 0.131366   421 0.109311
 38 0.957525   134 0.388505   230 0.18059    326 0.131366   422 0.109311
 39 0.957201   135 0.388505   231 0.18059    327 0.131366   423 0.109311
 40 0.956878   136 0.388505   232 0.18059    328 0.131366   424 0.109311
 41 0.956554   137 0.388505   233 0.18059    329 0.131366   425 0.109311
 42 0.956232   138 0.388505   234 0.18059    330 0.131366   426 0.109311
 43 0.955909   139 0.388505   235 0.18059    331 0.131366   427 0.109311
 44 0.955587   140 0.388505   236 0.18059    332 0.131366   428 0.109311
 45 0.955265   141 0.388505   237 0.18059    333 0.131366   429 0.109311
 46 0.954944   142 0.388505   238 0.18059    334 0.131366   430 0.109311
 47 0.954623   143 0.388505   239 0.180589   335 0.131366   431 0.109311
 48 0.954302   144 0.388505   240 0.18059    336 0.113265   432 0.109311
 49 0.83       145 0.304885   241 0.160895   337 0.113142   433 0.106691
 50 0.75       146 0.304885   242 0.160895   338 0.113019   434 0.106691
 51 0.64       147 0.304885   243 0.160895   339 0.112897   435 0.106691
 52 0.7        148 0.304885   244 0.160895   340 0.112774   436 0.106691
 53 0.64       149 0.304885   245 0.160895   341 0.112652   437 0.106691
 54 0.7        150 0.304885   246 0.160895   342 0.11253    438 0.106691
 55 0.83       151 0.304885   247 0.160895   343 0.112408   439 0.106691
 56 0.945487   152 0.304885   248 0.160895   344 0.112286   440 0.106691
 57 0.945487   153 0.304885   249 0.160895   345 0.112164   441 0.106691
 58 0.945487   154 0.304885   250 0.160895   346 0.112042   442 0.106691
 59 0.945487   155 0.304885   251 0.160895   347 0.111921   443 0.106691
 60 0.945487   156 0.304885   252 0.160895   348 0.111799   444 0.106691
 61 0.945487   157 0.304885   253 0.160895   349 0.111678   445 0.106691
 62 0.945487   158 0.304885   254 0.160895   350 0.114435   446 0.106691
 63 0.945487   159 0.304885   255 0.160895   351 0.122692   447 0.106691
 64 0.945487   160 0.304885   256 0.160895   352 0.122692   448 0.106691
 65 0.945487   161 0.304885   257 0.160895   353 0.122692   449 0.106691
 66 0.945487   162 0.304885   258 0.160895   354 0.122692   450 0.106691
 67 0.945487   163 0.304885   259 0.160895   355 0.122692   451 0.106691
 68 0.945487   164 0.304885   260 0.160895   356 0.122388   452 0.106691
 69 0.945487   165 0.304885   261 0.160895   357 0.122692   453 0.106691
 70 0.945487   166 0.304885   262 0.160895   358 0.122692   454 0.106691
 71 0.945487   167 0.304885   263 0.160895   359 0.122692   455 0.106691
 72 0.945487   168 0.304885   264 0.160893   360 0.122692   456 0.106691
 73 0.685187   169 0.246803   265 0.146518   361 0.114032   457 0.104089
 74 0.685187   170 0.246803   266 0.146518   362 0.114032   458 0.104089
 75 0.64       171 0.246803   267 0.146518   363 0.114032   459 0.104089
 76 0.685187   172 0.246803   268 0.146518   364 0.113377   460 0.103409
 77 0.64       173 0.246803   269 0.146518   365 0.114032   461 0.103297
 78 0.685187   174 0.246803   270 0.146518   366 0.114032   462 0.104089
 79 0.685187   175 0.246803   271 0.146518   367 0.114032   463 0.103073
 80 0.685187   176 0.246803   272 0.146518   368 0.114032   464 0.102961
 81 0.685187   177 0.246803   273 0.146518   369 0.114032   465 0.102849
 82 0.685187   178 0.246803   274 0.146518   370 0.114032   466 0.102738
 83 0.685187   179 0.246803   275 0.146513   371 0.114032   467 0.10475
 84 0.685187   180 0.246803   276 0.146518   372 0.114032   468 0.105015
 85 0.685187   181 0.246803   277 0.146518   373 0.114032   469 0.105015
 86 0.685187   182 0.246803   278 0.146518   374 0.114032   470 0.105015
 87 0.685187   183 0.246803   279 0.146518   375 0.114032   471 0.105015
 88 0.685187   184 0.246803   280 0.146518   376 0.114032   472 0.105015
 89 0.685187   185 0.246803   281 0.146518   377 0.114031   473 0.105015
 90 0.685187   186 0.246803   282 0.146518   378 0.114032   474 0.104089
 91 0.685187   187 0.246803   283 0.146518   379 0.114032   475 0.101734
 92 0.685187   188 0.246803   284 0.146502   380 0.114032   476 0.103668
 93 0.685187   189 0.246803   285 0.146518   381 0.114033   477 0.105015
 94 0.685187   190 0.246803   286 0.146512   382 0.114032   478 0.105015
 95 0.685187   191 0.246803   287 0.146512   383 0.114032   479 0.105015
 96 0.685187   192 0.246803   288 0.146518   384 0.114032   480 0.105015