A Nodes Current_Node  Objective_Bounds Work  Incumbent BestBd   Gap  Depth Time  

     0     0 3049.70515    0  799          - 3049.70515      -     -    3s
H    0     0                    -1096.971016 3049.70515   378%     -    3s
H    0     0                    -1096.757105 3049.70515   378%     -    5s
H    0     0                    -388.4285701 2957.62231   861%     -   10s
     0     0 2957.62231    0  795 -388.42857 2957.62231   861%     -   10s
     0     0 2927.69747    0  789 -388.42857 2927.69747   854%     -   18s
     0     0 2921.45971    0  715 -388.42857 2921.45971   852%     -   19s
     0     0 2920.81968    0  728 -388.42857 2920.81968   852%     -   21s
H    0     0                    -285.6257908 2910.00425  1119%     -   30s
     0     0 2910.00425    0 1884 -285.62579 2910.00425  1119%     -   30s
     0     0 2907.24429    0 1946 -285.62579 2907.24429  1118%     -   32s
     0     0 2905.81299    0 1962 -285.62579 2905.81299  1117%     -   34s
     0     0 2905.33762    0 1962 -285.62579 2905.33762  1117%     -   34s
H    0     0                    -221.6794820 2896.74682  1407%     -   42s
     0     0 2896.74682    0 1666 -221.67948 2896.74682  1407%     -   42s
     0     0 2896.56669    0 1666 -221.67948 2896.56669  1407%     -   43s
     0     2 2896.56669    0 1666 -221.67948 2896.56669  1407%     -   51s
     3     8 2896.56669    2 1781 -221.67948 2896.56669  1407%  1706   58s
     7    14 2896.56669    3 1243 -221.67948 2896.56669  1407%  3428   70s
    13    20 2896.56669    4 1899 -221.67948 2896.56669  1407%  4788   84s
    19    26 2896.56669    5 1914 -221.67948 2896.56669  1407%  4994   85s
    31    38 2896.56669    7 1929 -221.67948 2896.56669  1407%  3279   92s
    43    52 2896.56669    9 1953 -221.67948 2896.56669  1407%  2486   95s
    66    75 2896.56669   12 1965 -221.67948 2896.56669  1407%  1769  101s
    89   100 2896.56669   17 2009 -221.67948 2896.56669  1407%  1425  158s
    99   108 2896.56669   18 2021 -221.67948 2896.56669  1407%  1328  166s
   122   135 2896.56669   21 2011 -221.67948 2896.56669  1407%  1154  171s
   134   147 2896.56669   23 2004 -221.67948 2896.56669  1407%  1090  175s
   159   175 2896.56669   28 2029 -221.67948 2896.56669  1407%   989  180s
   189   210 2896.56669   32 2008 -221.67948 2896.56669  1407%   900  186s
   227   245 2896.56669   37 1994 -221.67948 2896.56669  1407%   815  193s
   244   261 2896.56669   40 1983 -221.67948 2896.56669  1407%   786  196s
   260   281 2896.56669   43 1969 -221.67948 2896.56669  1407%   762  200s
H  300   314                    -207.0119309 2896.56669  1499%   710  207s
   313   336 2896.56669   51 1978 -207.01193 2896.56669  1499%   697  211s
   335   353 2896.56669   55 1991 -207.01193 2896.56669  1499%   675  217s
H  337   353                    -177.6768288 2896.56669  1730%   672  217s
   352   380 2896.56669   58 1972 -177.67683 2896.56669  1730%   662  222s
   379   386 2896.56669   63 1984 -177.67683 2896.56669  1730%   642  232s
   385   415 2896.56669   64 1949 -177.67683 2896.56669  1730%   639  237s
   414   444 2896.56669   68 1978 -177.67683 2896.56669  1730%   620  242s
   443   475 2896.56669   72 1958 -177.67683 2896.56669  1730%   602  248s
   474   494 2896.56669   78 1968 -177.67683 2896.56669  1730%   588  253s
H  484   494                    -177.6768287 2896.56669  1730%   582  253s
   493   533 2896.56669   79 1950 -177.67683 2896.56669  1730%   579  259s
   532   576 2896.56669   84 1962 -177.67683 2896.56669  1730%   561  265s
   575   617 2896.56669   90 1940 -177.67683 2896.56669  1730%   544  272s
   616   646 2896.56669   95 1918 -177.67683 2896.56669  1730%   537  278s
   645   675 2896.56669  100 1904 -177.67683 2896.56669  1730%   549  285s
   674   701 2896.56669  102 1914 -177.67683 2896.56669  1730%   556  292s
   700   717 2896.56669  106 1914 -177.67683 2896.56669  1730%   570  300s
   716   733 2884.43870  108 1907 -177.67683 2896.56669  1730%   584  309s
H  727   733                    -177.6768287 2896.56669  1730%   586  309s
   732   787 2872.60233  109 1886 -177.67683 2896.56669  1730%   589  317s
   786   826 2694.58608  120 1740 -177.67683 2896.56669  1730%   583  329s
   825   884 2567.91941  126 1638 -177.67683 2896.56669  1730%   583  338s
   883   940 2310.29998  136 1421 -177.67683 2896.56669  1730%   583  346s
   939   994 2018.37877  147 1199 -177.67683 2896.56669  1730%   586  355s
H  993  1082                    -110.6586355 2896.56669  2718%   590  363s
  1081  1166 1599.28485  162  933 -110.65864 2896.56669  2718%   577  372s
  1165  1216 1339.72411  171  811 -110.65864 2896.56669  2718%   573  382s
H 1215  1278                      -6.7003011 2896.56669      -   589  392s
H 1240  1278                     116.3972398 2896.56669  2389%   586  392s
  1277  1445  987.68969  183  576  116.39724 2896.56669  2389%   589  412s
  1448  1646  713.45518  192  391  116.39724 2896.56669  2389%   554  420s
H 1649  1862                     136.1797285 2896.56669  2027%   511  428s
  1873  2129  519.50171  282  295  136.17973 2896.56669  2027%   471  438s
H 1975  2129                     137.7498191 2896.56669  2003%   455  438s
H 2012  2129                     137.9997037 2896.56669  1999%   452  438s
H 2171  2327                     141.4878282 2896.56669  1947%   427  447s
  2411  2582  485.82536  351  225  141.48783 2896.56669  1947%   407  455s
  2758  2748  258.38369  375   88  141.48783 2896.56669  1947%   372  464s
* 2847  2748             420     148.6120825 2896.56669  1849%   361  464s
  3100  2853  193.29045  421    8  148.61208 2896.56669  1849%   341  472s
  3223  2958 2408.38995   10 1908  148.61208 2896.56669  1849%   342  480s
  3432  2976  451.98519   22 1430  148.61208 2896.56669  1849%   333  509s
H 3433  2972                     157.6801030 2896.56669  1737%   333  509s
H 3434  2969                     161.5055886 2896.56669  1693%   334  509s
  3474  3024  288.87797   23 1411  161.50559 2896.56669  1693%   333  518s
  3574  3100  288.03251   41 1342  161.50559 2896.56669  1693%   336  527s
  3685  3101 1638.45418  204 1666  161.50559 2896.56669  1693%   338  587s
  3687  3102 2663.97665   16  898  161.50559 2896.56669  1693%   338  595s
  3688  3103 2875.56856   57  903  161.50559 2896.56669  1693%   338  600s
  3689  3104 1796.69734  176  893  161.50559 2896.56669  1693%   338  611s
  3691  3105  943.00982  195  806  161.50559 2896.56669  1693%   338  618s
  3692  3106  781.39607  288  718  161.50559 2896.56669  1693%   338  623s
  3693  3106 2896.56669   41 1629  161.50559 2896.56669  1693%   337  629s
  3694  3107  742.50648  290 1717  161.50559 2896.56669  1693%   337  634s
  3695  3108  663.39831  407 1371  161.50559 2896.56669  1693%   337  639s
  3696  3108  713.23280  292 1371  161.50559 2896.56669  1693%   337  641s
  3697  3109 2295.86131  139 1371  161.50559 2896.56669  1693%   337  669s
  3698  3113 2896.56669   13 1359  161.50559 2896.56669  1693%   357  683s
  3700  3116 2896.56669   14 1516  161.50559 2896.56669  1693%   358  696s
  3704  3121 2896.56669   15 1501  161.50559 2896.56669  1693%   362  712s
  3710  3125 2896.56669   16 1652  161.50559 2896.56669  1693%   369  717s
  3716  3129 2890.08155   16 1641  161.50559 2896.56669  1693%   380  722s
  3722  3133 2896.56669   17 1669  161.50559 2896.56669  1693%   384  726s
  3760  3165 2896.56669   20 1635  161.50559 2896.56669  1693%   386  730s
  3807  3198 2896.56669   23 1669  161.50559 2896.56669  1693%   387  735s
  3890  3255 2896.56669   28 1655  161.50559 2896.56669  1693%   387  755s
  3945  3298 2896.56669   34 1638  161.50559 2896.56669  1693%   388  760s
H 3963  3136                     161.5224743 2896.56669  1693%   388  760s
  4021  3210 2695.92601   43 1569  161.52247 2896.56669  1693%   389  766s
  4130  3267 2677.76901   52 1457  161.52247 2896.56669  1693%   387  771s
  4193  3321 2601.54580   57 1431  161.52247 2896.56669  1693%   386  775s
H 4287  3199                     176.9702584 2896.56669  1537%   385  778s
  4291  3236 2451.47344   66 1392  176.97026 2896.56669  1537%   386  780s
  4374  3309 2490.23782   73 1383  176.97026 2896.56669  1537%   385  785s
  4524  3409 2398.05729   85 1281  176.97026 2896.56669  1537%   385  792s
  4580  3461 2272.36481   90 1246  176.97026 2896.56669  1537%   385  795s
  4650  3466 2161.35209   98 1164  176.97026 2896.56669  1537%   383  800s
  4751  3565 2127.30955  107 1135  176.97026 2896.56669  1537%   382  806s
  4876  3673 1758.46434  120 1028  176.97026 2896.56669  1537%   383  812s
  4961  3727 1670.10042  130  994  176.97026 2896.56669  1537%   382  815s
  5128  3848 1588.96785  143  983  176.97026 2896.56669  1537%   382  822s
  5220  3921 1534.58817  154  917  176.97026 2896.56669  1537%   381  826s
  5324  3990 1483.49058  161  829  176.97026 2896.56669  1537%   380  830s
  5543  4171 1094.20692  177  752  176.97026 2896.56669  1537%   379  838s
  5681  4257  783.81886  192  673  176.97026 2896.56669  1537%   378  842s
  5813  4334  539.15239  210  587  176.97026 2896.56669  1537%   378  846s
  5934  4394  457.90549  221  521  176.97026 2896.56669  1537%   378  859s
  6058  4442 2896.56669   20 1747  176.97026 2896.56669  1537%   379  863s
  6147  4543 2896.56669   21 1736  176.97026 2896.56669  1537%   381  868s
  6281  4588 2806.02547   34 1613  176.97026 2896.56669  1537%   380  882s
  6409  4574 2752.05815   42 1727  176.97026 2896.56669  1537%   382  887s
H 6438  4457                     177.7768961 2896.56669  1529%   386  891s
H 6443  4322                     179.3196272 2896.56669  1515%   386  891s
  6471  4404 2616.01663   54 1563  179.31963 2896.56669  1515%   387  896s
  6563  4509 2608.98450   72 1307  179.31963 2896.56669  1515%   389  901s
  6698  4582 2501.46763   81 1215  179.31963 2896.56669  1515%   389  907s
  6816  4705 2449.41937   86 1165  179.31963 2896.56669  1515%   389  912s
  6979  4833 2004.21182  100 1020  179.31963 2896.56669  1515%   387  918s
  7161  4917 1635.80463  108  847  179.31963 2896.56669  1515%   385  924s
  7318  5023  889.53476  130  408  179.31963 2896.56669  1515%   386  939s
  7521  4995  463.74663  139  259  179.31963 2896.56669  1515%   385  955s
  7590  5063  244.50169  147  178  179.31963 2896.56669  1515%   388  972s
  7710  5113 2896.56669   19 1980  179.31963 2896.56669  1515%   390  992s
  7844  5162 2818.23565   36 1750  179.31963 2896.56669  1515%   392 1000s
H 7937  5072                     183.3595338 2896.56669  1480%   394 1018s
  8035  5163 2474.77744   56 1525  183.35953 2896.56669  1480%   396 1025s
H 8159  5041                     189.2115396 2896.56669  1431%   397 1047s
  8221  5151 2302.93434   74 1398  189.21154 2896.56669  1431%   399 1055s
  8352  5253 1968.53279   87 1211  189.21154 2896.56669  1431%   400 1064s
  8498  5349 1648.49995  103  999  189.21154 2896.56669  1431%   402 1073s
  8642  5430 1178.15074  128  669  189.21154 2896.56669  1431%   403 1093s
H 8759  5268                     197.3040779 2896.56669  1368%   403 1093s
  8837  5319  247.38941  166  275  197.30408 2896.56669  1368%   407 1113s
H 8841  5209                     197.5987207 2896.56669  1366%   407 1113s
H 8916  5079                     199.9198591 2896.56669  1349%   409 1113s
  8955  5207 2896.56669   21 1975  199.91986 2896.56669  1349%   410 1124s
  9096  5312 2676.82130   33 1784  199.91986 2896.56669  1349%   412 1136s
  9248  5348 2402.01251   44 1644  199.91986 2896.56669  1349%   414 1146s
  9334  5472 2116.95582   59 1454  199.91986 2896.56669  1349%   415 1170s
  9510  5609 2095.56745   77 1145  199.91986 2896.56669  1349%   420 1183s
  9729  5786 1803.68639   92 1031  199.91986 2896.56669  1349%   422 1200s
  9959  6022 1422.84758  111  786  199.91986 2896.56669  1349%   424 1215s
 10197  6454 1020.53219  133  597  199.91986 2896.56669  1349%   424 1229s
 10631  6726     cutoff  174       199.91986 2896.56669  1349%   421 1252s
 10974  6882 2896.56669   26 1984  199.91986 2896.56669  1349%   420 1275s
H11153  6882                     200.6913764 2896.56669  1343%   420 1275s
 11162  6982 2370.65039   55 1638  200.69138 2896.56669  1343%   420 1289s
 11279  7193 2234.38750   62 1467  200.69138 2896.56669  1343%   422 1310s
 11536  7481 1627.90447  104  918  200.69138 2896.56669  1343%   422 1334s
 11832  7757  451.72905  160  292  200.69138 2896.56669  1343%   422 1358s
 12203  7938 2775.94169   37 1947  200.69138 2896.56669  1343%   421 1381s
H12308  7938                     200.7082796 2896.56669  1343%   423 1381s
H12347  7938                     200.7445392 2896.56669  1343%   423 1381s
 12403  8237 2191.88491   71 1460  200.74454 2896.56669  1343%   424 1405s
 12711  8458 1129.47950  122  680  200.74454 2896.56669  1343%   424 1430s
H12795  8458                     201.1092121 2896.56669  1340%   424 1430s
H12968  8458                     201.4342298 2896.56669  1338%   425 1430s
 13007  8753 2794.85111   34 1866  201.43423 2896.56669  1338%   425 1481s
 13318  9365 2561.70052   44 1703  201.43423 2896.56669  1338%   425 1535s
H13963  9967                     201.5585083 2896.56669  1337%   429 1579s
H14492  9967                     201.7791666 2896.56669  1336%   431 1579s
 14617 10175  791.47094  150  444  201.77917 2896.56669  1336%   433 1631s
 14873 10737 2747.42987   24 1926  201.77917 2896.56669  1336%   433 1685s
 15516 11350 1097.54210  112  630  201.77917 2896.56669  1336%   435 1737s
 16186 11794 2405.58943   46 1622  201.77917 2896.56669  1336%   437 1783s
 16665 12432 2277.41261   85 1290  201.77917 2896.56669  1336%   442 1834s
 17359 13191 1674.49480  106 1022  201.77917 2896.56669  1336%   445 1884s
 17730 13191 1864.60001   66 1357  201.77917 2896.56669  1336%   448 1885s
 18155 14047  858.11882  147  498  201.77917 2896.56669  1336%   450 1941s
 19127 14767 2293.36036   47 1686  201.77917 2896.56669  1336%   451 2004s
 19573 14767 2499.04672   43 1825  201.77917 2896.56669  1336%   449 2005s
 19914 15336 2792.03422   29 1918  201.77917 2896.56669  1336%   450 2059s
 20513 15636  614.55345  132  446  201.77917 2896.56669  1336%   453 2111s
 20899 16359 2297.30940   48 1684  201.77917 2896.56669  1336%   454 2168s
 21658 17015  632.25062   90 1063  201.77917 2896.56669  1336%   459 2224s
 22462 17639 1311.89293  104  949  201.77917 2896.56669  1336%   461 2281s
 23183 18235 1509.13813   98  946  201.77917 2896.56669  1336%   462 2336s
 23845 18778 2369.33591   54 1543  201.77917 2896.56669  1336%   464 2387s
 24406 19507 1385.27747  101  746  201.77917 2896.56669  1336%   469 2441s
 25197 20144 2800.19227   29 1990  201.77917 2896.56669  1336%   473 2495s
 25911 20145 2252.06131   88 1666  201.77917 2896.56669  1336%   475 3379s
 25912 20146 1817.40648   70 1666  201.77917 2896.56669  1336%   475 3380s
 25913 20146 2061.74849   92  898  201.77917 2896.56669  1336%   475 3387s
 25914 20147 1485.33848  126  910  201.77917 2896.56669  1336%   475 3392s
 25915 20148 2335.50122   80 1014  201.77917 2896.56669  1336%   475 3398s
 25916 20148 1921.55188   68 1081  201.77917 2896.56669  1336%   475 3401s
 25918 20150 2431.08184   68 1011  201.77917 2867.69181  1321%   475 3405s
 25921 20152  836.03977  138  845  201.77917 2841.22933  1308%   475 3412s
 25922 20152 2280.11583   62  809  201.77917 2838.54665  1307%   475 3415s
 25924 20154 1200.75554  105 1227  201.77917 2835.67358  1305%   475 3422s
 25925 20154 1752.01649   63 1398  201.77917 2835.24185  1305%   475 3425s
 25926 20155 1695.10330  106 1388  201.77917 2834.96293  1305%   475 3446s
 25928 20156  978.53752   68 1381  201.77917 2832.73442  1304%   475 3450s
 25930 20158 2162.48466   91 1426  201.77917 2831.36689  1303%   475 3455s
 25931 20158 1409.08119   85 1464  201.77917 2831.07721  1303%   475 3469s
 25932 20159 2058.91176   94 1518  201.77917 2830.83044  1303%   475 3479s
 25933 20160 1656.87685  101 1524  201.77917 2830.31398  1303%   475 3481s
 25935 20161 1032.82078  178 1485  201.77917 2828.17177  1302%   475 3486s
 25936 20162  613.32669  227 1542  201.77917 2827.90636  1301%   475 3495s
 25937 20162 1517.34774  141 1493  201.77917 2826.33122  1301%   475 3510s
 25938 20163 1579.83011  138 1508  201.77917 2825.99438  1301%   475 3523s
 25939 20164 2331.91204  102 1530  201.77917 2825.35160  1300%   475 3533s
 25940 20164 1124.16914  129 1544  201.77917 2824.67791  1300%   475 3536s
 25942 20166  901.68304  120 1585  201.77917 2823.59107  1299%   475 3554s
 25943 20166  559.83695  137 1564  201.77917 2822.95418  1299%   475 3565s
 25944 20167  520.70808  174 1555  201.77917 2822.57449  1299%   475 3574s
 25945 20168 2049.94543   72 1529  201.77917 2821.52952  1298%   475 3584s
 25946 20168  336.66248  218 1559  201.77917 2821.19063  1298%   475 3599s
 25947 20169  335.72480  154 1550  201.77917 2820.38020  1298%   474 3620s
 25948 20170 2041.04132   66 1569  201.77917 2819.89887  1298%   474 3629s
 25949 20170  326.89193  164 1526  201.77917 2819.33541  1297%   474 3639s
 25950 20171 1979.65007   65 1545  201.77917 2819.00372  1297%   474 3653s
 25951 20172  617.08032  127 1517  201.77917 2818.43472  1297%   474 3668s
 25952 20172 2399.57691   51 1531  201.77917 2817.64127  1296%   474 3670s
 25954 20174 1234.37624  136 1545  201.77917 2816.58657  1296%   474 3684s
 25955 20174 2148.37882   70 1585  201.77917 2815.66317  1295%   474 3694s
 25956 20175 1162.66684  114 1518  201.77917 2814.92249  1295%   474 3696s
 25957 20176 1374.52814  103 1530  201.77917 2814.53701  1295%   474 3709s
 25958 20176  711.92882  129 1524  201.77917 2813.44732  1294%   474 3721s
 25960 20178 2203.93134   70 1514  201.77917 2812.05178  1294%   474 3725s
 25961 20178  325.38863  158 1514  201.77917 2811.77513  1293%   474 3739s
 25962 20179 2027.32865   99 1512  201.77917 2810.58139  1293%   474 3760s
 25964 20180  946.38076  191 1519  201.77917 2809.44777  1292%   474 3771s
 25965 20181 1110.74603  152 1509  201.77917 2808.19184  1292%   474 3782s
 25966 20182 2296.65759   54 1548  201.77917 2807.73022  1291%   474 3804s
 25967 20182 1547.53313   73 1458  201.77917 2806.14921  1291%   474 3823s
 25968 20183 2058.63683   40 1512  201.77917 2805.84835  1291%   474 3837s
 25969 20184  355.48545  154 1442  201.77917 2803.09565  1289%   474 3862s
 25970 20184  956.10285  107 1447  201.77917 2802.66278  1289%   474 3886s
 25971 20185 1983.91875   63 1463  201.77917 2801.38641  1288%   474 3908s
 25972 20186  221.03635  179 1462  201.77917 2800.72946  1288%   474 3910s
 25973 20186 2519.30545   42 1479  201.77917 2800.39184  1288%   474 3925s
 25974 20187 1843.23946  119 1445  201.77917 2800.03457  1288%   474 3942s
 25975 20188 1133.92436  155 1450  201.77917 2799.57664  1287%   474 3957s
 25976 20188 1267.71751  122 1452  201.77917 2798.69214  1287%   474 3974s
 25977 20189 2711.77431   29 1478  201.77917 2798.01681  1287%   474 3975s
 25979 20190  633.04051  134 1516  201.77917 2797.03712  1286%   474 3987s
 25980 20191 2053.21817   63 1542  201.77917 2795.86477  1286%   474 3998s
 25981 20192  895.99638  122 1538  201.77917 2795.29962  1285%   474 4001s
 25982 20192 1246.34027  148 1521  201.77917 2794.99526  1285%   474 4011s
 25983 20193 2110.15247   53 1564  201.77917 2793.45631  1284%   474 4031s
 25984 20194  625.97692  134 1542  201.77917 2793.11046  1284%   474 4044s
 25985 20194 2260.77461   72 1516  201.77917 2791.93098  1284%   474 4056s
 25986 20195  526.20438  205 1541  201.77917 2791.72089  1284%   474 4065s
 25987 20196  960.07359  176 1544  201.77917 2790.73263  1283%   474 4082s
 25988 20196 1922.24063   78 1526  201.77917 2790.30180  1283%   474 4091s
 25989 20197 1078.69495  140 1562  201.77917 2789.28019  1282%   474 4101s
 25990 20198  632.82947  189 1585  201.77917 2788.79234  1282%   474 4110s
 25991 20198 1533.21633   85 1525  201.77917 2787.86389  1282%   474 4122s
 25992 20199 1650.46122   91 1516  201.77917 2787.44679  1281%   474 4133s
 25993 20200 2418.35627   36 1525  201.77917 2786.88777  1281%   474 4145s
 25995 20201 1447.46797  130 1565  201.77917 2785.88755  1281%   474 4156s
 25996 20202 1405.06463  115 1516  201.77917 2785.14346  1280%   474 4172s
 25997 20202 1031.04228  142 1540  201.77917 2784.64181  1280%   474 4181s
 25998 20203 1866.24409   62 1572  201.77917 2784.04614  1280%   474 4197s
 25999 20204 2128.61046   58 1563  201.77917 2783.62788  1280%   474 4207s
 26000 20204  517.06287  160 1569  201.77917 2782.66252  1279%   474 4221s
 26001 20205 2095.32513   93 1593  201.77917 2781.81124  1279%   474 4235s
 26002 20206 1423.90095   95 1604  201.77917 2780.90540  1278%   473 4247s
 26004 20207  769.92964  111 1662  201.77917 2778.62309  1277%   473 4266s
 26005 20208 2379.37837   81 1612  201.77917 2776.94105  1276%   473 4278s
 26006 20208 2749.18688   27 1629  201.77917 2775.29954  1275%   473 4288s
 26007 20209  695.04617  124 1613  201.77917 2769.40275  1272%   473 4303s
 26008 20210 2769.39409   29 1606  201.77917 2769.39409  1272%   473 4305s
 26009 20210 2214.63431   71 1593  201.77917 2768.43044  1272%   473 4314s
 26010 20211 2017.60450   76 1619  201.77917 2767.15324  1271%   473 4330s
 26011 20212 2252.06131   88 1618  201.77917 2766.05302  1271%   473 4344s
H26011 19199                     201.7791666 2766.05302  1271%   473 4360s
 26014 19201 1485.33848  126 1601  201.77917 2763.85196  1270%   473 4372s
 26015 19201 2335.50122   80 1558  201.77917 2761.87664  1269%   473 4389s
 26016 19202 1921.55188   68 1626  201.77917 2758.97636  1267%   473 4407s
 26017 19203  386.80752  151 1626  201.77917 2756.79600  1266%   473 4433s
 26018 19203 2431.08184   68 1579  201.77917 2755.93366  1266%   473 4448s
 26019 19204 1742.17151  134 1617  201.77917 2755.47259  1266%   473 4467s
 26020 19205  212.02326  247 1640  201.77917 2755.00906  1265%   473 4487s
 26021 19205  836.03977  138 1663  201.77917 2753.87482  1265%   473 4511s
 26022 19206 2280.11583   62 1674  201.77917 2752.76582  1264%   473 4527s
 26023 19207 2120.29019   52 1649  201.77917 2752.20120  1264%   473 4544s
 26024 19207 1200.75554  105 1621  201.77917 2751.95050  1264%   473 4556s
 26025 19208 1752.01649   63 1628  201.77917 2751.01323  1263%   473 4580s
 26026 19209 1695.10330  106 1618  201.77917 2750.54690  1263%   473 4590s
 26027 19209 1038.85551  117 1586  201.77917 2749.78465  1263%   473 4608s
 26028 19210  978.53752   68 1621  201.77917 2746.95556  1261%   473 4626s
 26029 19211 2743.93912   36 1645  201.77917 2743.93912  1260%   473 4650s
 26030 19211 2162.48466   91 1683  201.77917 2740.86659  1258%   473 4668s
 26031 19212 1409.08119   85 1732  201.77917 2738.07298  1257%   473 4693s
 26032 19213 2058.91176   94 1726  201.77917 2736.45752  1256%   473 4707s
 26033 19213 1656.87685  101 1652  201.77917 2733.62140  1255%   473 4719s
 26034 19214 1376.82834  129 1645  201.77917 2733.25084  1255%   473 4722s
 26035 19215 1032.82078  178 1630  201.77917 2732.29086  1254%   473 4733s
 26036 19215  613.32669  227 1645  201.77917 2731.14877  1254%   473 4756s
 26038 19217 1579.83011  138 1641  201.77917 2730.78229  1253%   473 4768s
 26039 19217 2331.91204  102 1642  201.77917 2730.71842  1253%   473 4781s
 26041 19219 1697.04616  121 1585  201.77917 2730.21082  1253%   473 4798s
 26042 19219  901.68304  120 1672  201.77917 2729.92303  1253%   473 4810s
 26043 19220  559.83695  137 1644  201.77917 2728.66938  1252%   473 4829s
 26044 19221  520.70808  174 1563  201.77917 2727.63331  1252%   473 4853s
 26045 19221 2049.94543   72 1574  201.77917 2727.47495  1252%   473 4868s
 26046 19222  336.66248  218 1529  201.77917 2726.47693  1251%   473 4893s
 26047 19223  335.72480  154 1533  201.77917 2726.09823  1251%   473 4913s
 26048 19223 2041.04132   66 1585  201.77917 2725.73896  1251%   473 4936s
 26049 19224  326.89193  164 1593  201.77917 2725.17317  1251%   473 4952s
 26050 19225 1979.65007   65 1650  201.77917 2724.51902  1250%   473 4969s
 26051 19225  617.08032  127 1605  201.77917 2723.46512  1250%   473 4985s
 26052 19226 2399.57691   51 1627  201.77917 2722.08497  1249%   473 5010s
 26053 19227 1111.36177   94 1637  201.77917 2720.87802  1248%   473 5026s
 26054 19227 1234.37624  136 1643  201.77917 2719.95803  1248%   473 5044s
 26055 19228 2148.37882   70 1674  201.77917 2718.72106  1247%   473 5061s
 26056 19229 1162.66684  114 1667  201.77917 2717.68678  1247%   473 5085s
 26057 19229 1374.52814  103 1667  201.77917 2716.45859  1246%   472 5107s
 26058 19230  711.92882  129 1688  201.77917 2716.21501  1246%   472 5119s
 26059 19231  952.99694  133 1688  201.77917 2715.17248  1246%   472 5136s
 26060 19231 2203.93134   70 1672  201.77917 2714.22847  1245%   472 5159s
 26061 19232  325.38863  158 1624  201.77917 2713.96384  1245%   472 5162s
 26062 19233 2027.32865   99 1657  201.77917 2713.34867  1245%   472 5178s
 26063 19233  714.58872  153 1641  201.77917 2712.68313  1244%   472 5195s
 26065 19235 1110.74603  152 1652  201.77917 2711.11945  1244%   472 5215s
 26066 19235 2296.65759   54 1655  201.77917 2709.54022  1243%   472 5234s
 26067 19236 1547.53313   73 1661  201.77917 2709.00501  1243%   472 5245s
 26068 19237 2058.63683   40 1683  201.77917 2707.73051  1242%   472 5264s
 26069 19237  355.48545  154 1708  201.77917 2707.28976  1242%   472 5275s
 26070 19238  956.10285  107 1704  201.77917 2706.70119  1241%   472 5293s
 26071 19239 1983.91875   63 1730  201.77917 2706.20679  1241%   472 5310s
H26071 18275                     201.7791667 2706.20679  1241%   472 5327s
 26073 18276 2519.30545   42 1714  201.77917 2705.77408  1241%   472 5339s
 26074 18277 1843.23946  119 1772  201.77917 2705.53408  1241%   472 5355s
 26075 18277 1133.92436  155 1750  201.77917 2705.27327  1241%   472 5366s
 26076 18278 1267.71751  122 1696  201.77917 2704.76779  1240%   472 5383s
 26077 18279 2704.49441   29 1744  201.77917 2704.49441  1240%   472 5394s
 26078 18279 2240.78069   72 1777  201.77917 2704.24876  1240%   472 5424s
 26079 18280  633.04051  134 1732  201.77917 2703.92790  1240%   472 5434s
H26079 17363                     201.7990210 2703.79850  1240%   472 5446s
 26081 17364  895.99638  122 1749  201.79902 2703.65976  1240%   472 5458s
 26082 17365 1246.34027  148 1728  201.79902 2703.19310  1240%   472 5481s
 26083 17366 2110.15247   53 1741  201.79902 2702.87483  1239%   472 5493s
 26084 17366  625.97692  134 1760  201.79902 2702.39223  1239%   472 5512s
 26085 17367 2260.77461   72 1733  201.79902 2702.08360  1239%   472 5523s
 26086 17368  526.20438  205 1688  201.79902 2701.96884  1239%   472 5538s
 26087 17368  960.07359  176 1748  201.79902 2701.79023  1239%   472 5549s
 26088 17369 1922.24063   78 1781  201.79902 2701.31116  1239%   472 5572s
 26089 17370 1078.69495  140 1765  201.79902 2701.10656  1239%   472 5586s
 26090 17370  632.82947  189 1702  201.79902 2700.77554  1238%   472 5613s
 26091 17371 1533.21633   85 1718  201.79902 2700.39922  1238%   472 5627s
 26092 17372 1650.46122   91 1743  201.79902 2700.24156  1238%   472 5640s
 26093 17372 2418.35627   36 1757  201.79902 2700.10037  1238%   472 5651s
 26094 17373  673.31084  213 1690  201.79902 2699.48707  1238%   472 5672s
 26095 17374 1447.46797  130 1749  201.79902 2699.25529  1238%   472 5675s
 26096 17374 1405.06463  115 1697  201.79902 2699.22745  1238%   472 5685s
 26097 17375 1031.04228  142 1698  201.79902 2698.98698  1237%   472 5698s
 26098 17376 1866.24409   62 1717  201.79902 2698.77335  1237%   472 5709s
 26099 17376 2128.61046   58 1668  201.79902 2698.41321  1237%   472 5721s
 26100 17377  517.06287  160 1717  201.79902 2698.10896  1237%   472 5731s
H26100 16505                     201.8971693 2697.77930  1236%   472 5743s
 26102 16506 1423.90095   95 1768  201.89717 2697.02822  1236%   472 5754s
H26102 15677                     201.9327653 2696.62642  1235%   472 5771s
 26105 15679 2379.37837   81 1842  201.93277 2696.11052  1235%   472 5789s
 26106 15680 2695.79241   27 1802  201.93277 2695.79241  1235%   472 5807s
 26108 15681 2695.40207   29 1810  201.93277 2695.40207  1235%   472 5811s
 26109 15682 2214.63431   71 1771  201.93277 2695.34766  1235%   472 5822s
 26110 15683 2017.60450   76 1779  201.93277 2694.94360  1235%   472 5837s
 26111 15683 2252.06131   88 1789  201.93277 2694.76422  1234%   472 5840s
 26112 15684 1817.40648   70 1805  201.93277 2694.74029  1234%   471 5851s
 26113 15685 2061.74849   92 1783  201.93277 2694.62695  1234%   471 5865s
 26115 15686 2335.50122   80 1872  201.93277 2694.14792  1234%   471 5883s
 26116 15687 1921.55188   68 1817  201.93277 2693.81667  1234%   471 5899s
 26117 15687  386.80752  151 1809  201.93277 2693.64738  1234%   471 5902s
 26118 15688 2431.08184   68 1822  201.93277 2693.54217  1234%   471 5917s
 26119 15689 1742.17151  134 1782  201.93277 2693.28469  1234%   471 5935s
 26121 15690  836.03977  138 1835  201.93277 2692.84682  1234%   471 5953s
 26122 15691 2280.11583   62 1815  201.93277 2692.74867  1233%   471 5978s
 26123 15691 2120.29019   52 1850  201.93277 2692.62354  1233%   471 5980s
 26125 15693 1752.01649   63 1779  201.93277 2692.37687  1233%   471 5993s
 26126 15693 1695.10330  106 1773  201.93277 2692.13232  1233%   471 6007s
 26127 15694 1038.85551  117 1721  201.93277 2692.07743  1233%   471 6010s
 26128 15695  978.53752   68 1741  201.93277 2691.89052  1233%   471 6020s
 26129 15695 2691.70742   36 1742  201.93277 2691.70742  1233%   471 6047s
 26131 15697 1409.08119   85 1804  201.93277 2691.45748  1233%   471 6060s
 26132 15697 2058.91176   94 1815  201.93277 2691.10174  1233%   471 6077s
 26133 15698 1656.87685  101 1807  201.93277 2691.06896  1233%   471 6080s
 26134 15699 1376.82834  129 1820  201.93277 2690.88928  1233%   471 6095s
 26135 15699 1032.82078  178 1813  201.93277 2690.83444  1233%   471 6111s
 26137 15701 1517.34774  141 1785  201.93277 2690.61713  1232%   471 6124s
 26138 15701 1579.83011  138 1794  201.93277 2690.37078  1232%   471 6141s
 26140 15703 1124.16914  129 1791  201.93277 2689.73572  1232%   471 6155s
 26141 15703 1697.04616  121 1751  201.93277 2689.51337  1232%   471 6169s
 26142 15704  901.68304  120 1767  201.93277 2689.51337  1232%   471 6173s
 26143 15705  559.83695  137 1778  201.93277 2689.32206  1232%   471 6183s
 26144 15705  520.70808  174 1799  201.93277 2688.92957  1232%   471 6197s
 26145 15706 2049.94543   72 1797  201.93277 2688.87516  1232%   471 6200s
 26146 15707  336.66248  218 1818  201.93277 2688.45759  1231%   471 6213s
 26147 15707  335.72480  154 1806  201.93277 2688.03934  1231%   471 6228s
 26148 15708 2041.04132   66 1801  201.93277 2687.68689  1231%   471 6242s
 26149 15709  326.89193  164 1765  201.93277 2687.49038  1231%   471 6255s
 26150 15709 1979.65007   65 1798  201.93277 2687.19200  1231%   471 6265s
 26151 15710  617.08032  127 1844  201.93277 2685.68286  1230%   471 6297s
 26152 15711 2399.57691   51 1811  201.93277 2685.27999  1230%   471 6308s
 26153 15711 1111.36177   94 1786  201.93277 2684.36190  1229%   471 6321s
 26154 15712 1234.37624  136 1834  201.93277 2683.87898  1229%   471 6333s
 26155 15713 2148.37882   70 1786  201.93277 2682.80303  1229%   471 6358s
 26156 15713 1162.66684  114 1843  201.93277 2682.39700  1228%   471 6369s
 26157 15714 1374.52814  103 1822  201.93277 2680.91496  1228%   471 6386s
 26158 15715  711.92882  129 1826  201.93277 2680.56722  1227%   471 6396s
 26159 15715  952.99694  133 1784  201.93277 2679.29054  1227%   471 6412s
 26161 15717  325.38863  158 1843  201.93277 2678.33835  1226%   471 6425s
 26162 15717 2027.32865   99 1827  201.93277 2676.96991  1226%   471 6439s
 26163 15718  714.58872  153 1882  201.93277 2676.77850  1226%   471 6443s
 26164 15719  946.38076  191 1864  201.93277 2676.16656  1225%   471 6453s
 26165 15719 1110.74603  152 1862  201.93277 2675.67810  1225%   471 6458s
 26166 15720 2296.65759   54 1848  201.93277 2675.21075  1225%   471 6463s
 26167 15721 1547.53313   73 1803  201.93277 2674.85798  1225%   470 6468s
 26168 15721 2058.63683   40 1855  201.93277 2673.71941  1224%   470 6590s
 26169 15722  355.48545  154 1855  201.93277 2673.10653  1224%   470 6617s
 26170 15726 2673.10653   25 1853  201.93277 2673.10653  1224%   496 7000s
 26172 15728 2673.06578   26 1801  201.93277 2673.06578  1224%   496 7519s
 26176 15733 2671.61268   27 1827  201.93277 2671.61268  1223%   497 7569s
 26182 15737 2671.35608   28 1949  201.93277 2671.35608  1223%   497 7605s
 26188 15741 2601.12264   28 1954  201.93277 2671.35608  1223%   498 7614s
 26194 15745 2671.21902   29 1947  201.93277 2671.21902  1223%   498 7617s
 26200 15749 2601.29838   29 1943  201.93277 2671.18458  1223%   498 7628s
 26206 15758 2670.93876   30 1950  201.93277 2670.93876  1223%   498 7634s
 26217 15763 2660.34650   31 1922  201.93277 2669.29478  1222%   498 7646s
 26226 15771 2661.30691   31 1942  201.93277 2661.30691  1218%   498 7654s
 26237 15774 2606.74066   32 1930  201.93277 2657.19724  1216%   498 7667s
 26244 15789 2618.41869   33 1902  201.93277 2657.19724  1216%   498 7675s
 26261 15805 2560.96610   34 1910  201.93277 2657.19724  1216%   499 7680s
 26283 15804 2511.75733   36 1884  201.93277 2657.19724  1216%   499 7690s
 26289 15829 2548.60661   37 1893  201.93277 2657.19724  1216%   499 7696s
 26316 15832 2476.38085   39 1904  201.93277 2657.19724  1216%   499 7700s
 26328 15849 2540.63394   40 1901  201.93277 2657.19724  1216%   499 7705s
 26349 15865 2539.88244   41 1896  201.93277 2657.19724  1216%   499 7717s
H26356 15073                     201.9327654 2657.19724  1216%   499 7717s
 26372 15078 infeasible   43       201.93277 2657.19724  1216%   499 7722s
 26385 15093 2313.49312   44 1845  201.93277 2657.19724  1216%   500 7731s
 26404 15098 2384.01165   45 1835  201.93277 2657.19724  1216%   500 7747s
 26415 15123 2314.36030   45 1825  201.93277 2657.19724  1216%   500 7754s
 26444 15125 2313.90054   47 1836  201.93277 2657.19724  1216%   500 7768s
 26460 15148 2380.80515   48 1839  201.93277 2657.19724  1216%   500 7776s
 26488 15145 2357.52667   50 1790  201.93277 2657.19724  1216%   500 7784s
 26494 15190 2332.76965   51 1784  201.93277 2657.19724  1216%   501 7792s
 26543 15197 2297.46757   56 1696  201.93277 2657.19724  1216%   501 7799s
H26548 14445                     201.9327659 2657.19724  1216%   501 7799s
 26567 14476 2297.39342   57 1681  201.93277 2657.19724  1216%   501 7807s
 26607 14475 2225.37429   60 1656  201.93277 2657.19724  1216%   502 7816s
 26619 14510 2154.20041   61 1627  201.93277 2657.19724  1216%   502 7825s
 26658 14513 2132.46565   63 1629  201.93277 2657.19724  1216%   502 7832s
 26674 14563 2095.06590   66 1583  201.93277 2657.19724  1216%   502 7841s
 26729 14550 2163.05239   70 1607  201.93277 2657.19724  1216%   503 7866s
H26730 13837                     201.9327924 2657.19724  1216%   503 7866s
H26732 13158                     201.9337817 2657.19724  1216%   503 7866s
 26735 13223 2089.26295   70 1577  201.93378 2657.19724  1216%   503 7876s
 26801 13221 2090.61337   74 1560  201.93378 2657.19724  1216%   503 7882s
 26821 13280 2160.31851   75 1554  201.93378 2657.19724  1216%   504 7893s
 26890 13268 1997.97819   81 1490  201.93378 2657.19724  1216%   504 7901s
 26901 13323 2026.60581   83 1473  201.93378 2657.19724  1216%   504 7914s
 26962 13343 1974.82157   86 1451  201.93378 2657.19724  1216%   505 7924s
 27002 13389 1866.84456   89 1414  201.93378 2657.19724  1216%   505 7935s
 27062 13401 1856.56410   92 1361  201.93378 2657.19724  1216%   506 7945s
 27094 13466 1770.91946   93 1266  201.93378 2657.19724  1216%   506 7957s
 27169 13503 1696.69019   99 1170  201.93378 2657.19724  1216%   507 7968s
 27231 13568 1558.43673  105 1074  201.93378 2657.19724  1216%   508 7983s
 27319 13545 1347.94489  110 1072  201.93378 2657.19724  1216%   509 8005s
 27325 13685 1399.27804  111 1035  201.93378 2657.19724  1216%   509 8018s
 27469 13758 1292.55154  121  924  201.93378 2657.19724  1216%   509 8031s
 27590 13802 1092.28928  131  841  201.93378 2657.19724  1216%   510 8043s
 27675 13891 1039.02381  138  804  201.93378 2657.19724  1216%   511 8055s
 27792 13934  955.36517  144  765  201.93378 2657.19724  1216%   511 8083s
 27885 14001  967.20112  150  749  201.93378 2657.19724  1216%   512 8097s
 27987 14012  953.12265  156  749  201.93378 2657.19724  1216%   513 8124s
 28072 14048  772.01173  159  704  201.93378 2657.19724  1216%   514 8152s
 28147 14095  585.01930  166  564  201.93378 2657.19724  1216%   516 8165s
 28221 14161  275.04852  181  450  201.93378 2653.00073  1214%   517 8199s
 28344 14228 2652.90230   33 1925  201.93378 2653.00073  1214%   518 8216s
 28452 14335 2464.07466   45 1815  201.93378 2653.00073  1214%   520 8231s
 28595 14415 2146.84498   60 1624  201.93378 2653.00073  1214%   520 8246s
 28729 14474 1956.63689   77 1400  201.93378 2653.00073  1214%   521 8276s
 28877 14538 1844.33853   89 1307  201.93378 2653.00073  1214%   521 8301s
 28991 14670 1266.39297  113 1037  201.93378 2653.00073  1214%   523 8337s
 29188 14787  412.47974  141  540  201.93378 2649.84022  1212%   523 8371s
 29382 14843 2475.36008   46 1848  201.93378 2649.84022  1212%   523 8394s
 29503 15026 2112.16576   64 1564  201.93378 2649.84022  1212%   523 8426s
 29746 15114 1707.38180   88 1240  201.93378 2649.84022  1212%   523 8461s
 29960 15187  877.66596  130  626  201.93378 2649.36330  1212%   524 8492s
 30127 15336 2577.42996   40 1958  201.93378 2649.36330  1212%   525 8527s
 30363 15567 2286.23203   69 1687  201.93378 2649.36330  1212%   525 8555s
 30673 15746 1835.95754   99 1237  201.93378 2649.36330  1212%   524 8594s
 30930 15660 1198.60715  133  825  201.93378 2649.36330  1212%   524 8595s
 30993 15803  252.10906  167  418  201.93378 2625.37220  1200%   524 8639s
 31194 15962 2432.57199   42 1961  201.93378 2619.07098  1197%   525 8859s
 31420 16177 1953.35515   53 1840  201.93378 2619.07098  1197%   526 8906s
 31783 16296 1527.35435   67 1623  201.93378 2619.07098  1197%   528 8950s
 32035 16323  414.74184   97 1110  201.93378 2613.02924  1194%   530 9006s
 32163 16645 2525.23557   40 1972  201.93378 2613.02924  1194%   532 9058s
 32572 16758 2260.17955   53 1762  201.93378 2613.02924  1194%   532 9104s
 32838 17000 2010.51499   70 1603  201.93378 2613.02924  1194%   534 9163s
 33180 17227 1672.49452  101 1300  201.93378 2613.02924  1194%   536 9230s
 33599 17375 1426.66922  123 1161  201.93378 2613.02924  1194%   538 9280s
 33889 17764 1111.09343  145 1053  201.93378 2613.02924  1194%   543 9337s
 34415 17968  680.28147  172  741  201.93378 2613.02924  1194%   547 9399s
 34878 18127  472.25327  184  601  201.93378 2609.42191  1192%   551 9469s
 35259 18377 2346.20112   53 1895  201.93378 2609.01364  1192%   555 9548s
 35658 18645 1062.85082  101 1290  201.93378 2608.48493  1192%   559 9618s
 36085 18803 1976.53328   66 1669  201.93378 2603.14979  1189%   563 9680s
 36386 19454 1670.75288   81 1415  201.93378 2602.65296  1189%   567 9754s
 37224 19592 2507.29684   41 2003  201.93378 2602.65296  1189%   567 9835s
 37724 19771  834.16659  126  986  201.93378 2601.09573  1188%   569 9918s
 38167 20109 2107.45101   61 1747  201.93378 2601.09573  1188%   572 10006s
 38689 19941  237.08114  150  574  201.93378 2601.09573  1188%   574 10503s
 38695 21684  234.88385  151  573  201.93378 2599.51393  1187%   575 10851s
 40537 22078  573.08259  160  606  201.93378 2596.96358  1186%   589 10953s
 41597 21756 1433.73841   92 1157  201.93378 2596.96358  1186%   593 11156s
H41626 21101                     202.1185116 2596.96358  1185%   593 11156s
 41635 21689 1433.68252   93 1156  202.11851 2596.60372  1185%   593 11254s
 42254 21482  307.62816  204  353  202.11851 2594.86160  1184%   595 11255s
 42357 21957 2110.50093   63 1698  202.11851 2594.07732  1183%   595 11358s
 42962 22351 2279.71315   50 1882  202.11851 2592.81936  1183%   599 11469s
 43468 22183 2234.33646   57 1758  202.11851 2592.81936  1183%   601 11470s
 43588 22719 2388.47628   50 1926  202.11851 2592.81936  1183%   602 11582s
 44223 23004  623.39864  133  649  202.11851 2589.14320  1181%   605 11701s
 44786 23255 1456.22273  104 1166  202.11851 2588.15322  1181%   608 11817s
H45228 22496                     202.1415277 2586.19640  1179%   611 11817s
 45306 22894 1516.55211   87 1325  202.14153 2585.74302  1179%   611 11912s
 45759 23404 2036.92629   42 1902  202.14153 2585.74302  1179%   615 12019s
 46501 23607  262.83950   87 1317  202.14153 2585.51054  1179%   616 12131s
 47043 23738 1962.70227   69 1593  202.14153 2582.37147  1178%   619 12308s
 47355 24109 1580.63332   91 1314  202.14153 2582.37147  1178%   623 12421s
 47830 24865 1206.37361  116 1017  202.14153 2582.37147  1178%   626 12545s
 48772 25364  431.39017  186  545  202.14153 2582.15875  1177%   630 12662s
 49750 25568 2067.96324   50 1782  202.14153 2580.65008  1177%   629 12781s
 50297 25886  422.37997   93 1249  202.14153 2579.07254  1176%   633 12900s
 50977 26176 1361.94274   86 1361  202.14153 2577.77584  1175%   636 13022s
 51556 26581 1862.30294   78 1411  202.14153 2577.50341  1175%   639 13161s
H52107 25816                     202.1424201 2577.23883  1175%   642 13161s
 52222 26472 1949.86164   74 1451  202.14242 2576.80256  1175%   642 13292s
H52506 25824                     202.1476015 2576.75253  1175%   642 13292s
 53042 25867 2018.95514   59 1699  202.14760 2575.93231  1174%   643 13484s
 53294 26503 2018.78738   60 1699  202.14760 2575.70670  1174%   644 13631s
H53823 25803                     202.1476016 2575.57797  1174%   647 13632s
 54144 26429 2038.88131   70 1674  202.14760 2575.08632  1174%   648 13773s
 54985 26848 2322.84956   54 1865  202.14760 2574.05232  1173%   652 13897s
 55786 27160 2417.42198   39 1997  202.14760 2573.78719  1173%   654 14027s
 56457 27567 2384.87086   46 1947  202.14760 2573.20011  1173%   656 14158s
 56933 28131  490.18189  134  833  202.14760 2572.59972  1173%   659 14301s
 57609 28631  869.33777   81 1438  202.14760 2572.07623  1172%   662 14434s
 57705 28631 1500.33570   57 1734  202.14760 2571.90750  1172%   662 14435s
 58158 29186 2126.63231   68 1632  202.14760 2571.90750  1172%   664 14571s
 58847 29594  224.78095  186  173  202.14760 2571.90695  1172%   667 14714s
 59442 29978 2166.50792   63 1719  202.14760 2570.51542  1172%   670 14841s
 59834 30546  522.64812  134  468  202.14760 2570.32751  1172%   673 14978s
 60502 31085  455.82699  126  769  202.14760 2568.78143  1171%   675 15119s
 61146 31271 1119.12951  114 1186  202.14760 2568.21973  1170%   678 15343s
 61362 31837 2496.40318   36 2006  202.14760 2568.21973  1170%   678 15486s
 61987 32410  796.89844  137  886  202.14760 2568.05665  1170%   681 15648s
 62656 32919 1423.94242   93 1410  202.14760 2567.78833  1170%   684 15797s
 63262 33489 1366.61278  102 1235  202.14760 2567.13641  1170%   687 15938s
 63915 34074 1462.86620  100 1288  202.14760 2566.89799  1170%   689 16077s
 64570 34537 1686.45593   74 1543  202.14760 2565.61046  1169%   691 16210s
 65079 34945 2356.74896   52 1855  202.14760 2565.51911  1169%   693 16399s
 65577 35808 1278.13970  104 1054  202.14760 2564.95196  1169%   695 16603s
 66524 36512  250.04746  165  372  202.14760 2564.44553  1169%   699 16776s
 67337 37136 2409.84678   44 1911  202.14760 2564.18256  1168%   702 16933s
 68027 37747  665.57152   93 1341  202.14760 2563.10467  1168%   705 17110s
 68658 38753 1512.11891  102 1263  202.14760 2563.02832  1168%   709 17253s
 69693 39705 1888.11434   78 1453  202.14760 2562.71134  1168%   713 17392s
 70812 40047 2447.27860   46 1923  202.14760 2562.50820  1168%   712 17514s
H70947 40047                     202.1496567 2562.50820  1168%   712 17514s
 71212 40572 1349.70727   95 1196  202.14966 2562.29365  1168%   713 17654s
 71823 41130 1864.51759   84 1432  202.14966 2561.36808  1167%   715 17791s
 72482 41755 2253.76355   54 1778  202.14966 2559.89238  1166%   717 17933s
 73217 42264 2465.83516   38 1965  202.14966 2559.45791  1166%   719 18064s
 73768 42811 1054.71664  118 1030  202.14966 2559.42808  1166%   721 18204s
 74421 43318 1374.36303  100 1138  202.14966 2558.51452  1166%   723 18338s
 74990 43829 1633.80372   89 1353  202.14966 2558.14158  1165%   725 18475s
 75571 44372 2319.06294   63 1857  202.14966 2557.83028  1165%   727 18612s
 76200 44677 2379.26512   37 1970  202.14966 2557.63571  1165%   729 18748s
 76550 45186 1581.72829   74 1493  202.14966 2557.47254  1165%   730 18902s
 77156 45685 2269.65992   60 1791  202.14966 2556.71657  1165%   733 19050s
 77720 46281 2321.69026   50 1877  202.14966 2556.16875  1164%   735 19240s
 78418 46914 2256.58417   43 1936  202.14966 2555.52739  1164%   738 19395s
 79065 47393  252.12831   98 1232  202.14966 2555.44147  1164%   740 19591s
 79687 48011  541.65325  124  886  202.14966 2554.76512  1164%   742 19758s
 80432 48540  208.22122  138  680  202.14966 2554.29955  1164%   744 19927s
 81059 48981 1343.41224  103 1087  202.14966 2553.79197  1163%   747 20140s
 81537 49470 2402.39011   64 1790  202.14966 2553.72062  1163%   748 20309s
 82106 49903 2462.43573   40 1962  202.14966 2553.10066  1163%   751 20498s
 82603 50455 1072.55084   63 1637  202.14966 2552.92507  1163%   753 20672s
 83269 51128 2092.50266   74 1657  202.14966 2552.38981  1163%   755 20847s
H84034 51601                     202.1537621 2552.11814  1162%   757 21016s
 84583 51979 2143.18460   63 1710  202.15376 2552.07506  1162%   759 21165s
H84712 51979                     202.1537622 2552.07506  1162%   759 21165s
 85014 52610  661.53496  136  528  202.15376 2551.95968  1162%   760 21343s
 85714 53291  840.86297  127  987  202.15376 2551.54636  1162%   762 21541s
 86505 53959 1124.39833  109 1113  202.15376 2551.32366  1162%   764 21715s
 87273 54384  985.30206   83 1437  202.15376 2550.97192  1162%   766 21893s
 87854 54906 2109.76237   56 1825  202.15376 2550.68085  1162%   768 22056s
 88400 55833 1262.85654  104 1284  202.15376 2550.68085  1162%   770 22219s
 89367 56669  354.07023  175  653  202.15376 2550.38787  1162%   773 22381s
 90301 57118 1254.99928   87 1475  202.15376 2549.60573  1161%   775 22527s
 90889 57685 2088.38644   67 1670  202.15376 2549.05284  1161%   777 22696s
 91590 58238 2204.06979   59 1786  202.15376 2548.68609  1161%   779 22863s
 92206 58797 2542.96659   53 1952  202.15376 2548.59535  1161%   780 23020s
 92779 59494 1745.16427   91 1398  202.15376 2548.59535  1161%   783 23166s
 93495 60600 1011.45828  132  890  202.15376 2548.05487  1160%   786 23312s
 94808 61137 2362.55064   45 1915  202.15376 2547.43236  1160%   784 23439s
 95402 61658 2349.62045   42 1936  202.15376 2547.27359  1160%   785 23566s
 95972 62026  254.74788  145  794  202.15376 2547.16147  1160%   786 23699s
 96458 62428 2346.04143   58 1880  202.15376 2547.08051  1160%   788 23831s
 96898 62947 1823.60402   83 1529  202.15376 2547.08051  1160%   789 23978s
 97458 63624 1402.22766  112 1305  202.15376 2547.08051  1160%   791 24115s
 98179 63977  500.71422  175  670  202.15376 2546.31674  1160%   793 24293s
 98585 64579 1591.13748   85 1350  202.15376 2545.81791  1159%   793 24439s
 99312 65108 1953.87738   64 1732  202.15376 2545.54311  1159%   793 24572s
 99924 65654 2269.09325   55 1858  202.15376 2545.54311  1159%   795 24705s
 100524 66147  234.56128  162  445  202.15376 2545.04535  1159%   796 24846s
 101101 66563  661.30461  123 1006  202.15376 2544.56950  1159%   797 25060s
 101602 67047 1846.76759   78 1482  202.15376 2544.29062  1159%   799 25200s
 102181 67173 2462.82350   42 1954  202.15376 2544.29062  1159%   800 25394s
 102325 67778 2178.55499   53 1817  202.15376 2544.29062  1159%   801 25550s
 103033 68255  365.16075   99 1363  202.15376 2543.19004  1158%   802 25695s
 103582 68851 1343.99091   91 1365  202.15376 2542.95899  1158%   804 25865s
 104293 69485 2081.03292   68 1638  202.15376 2542.17916  1158%   805 26035s
 104927 70627 1175.00069  122 1015  202.15376 2542.17916  1158%   808 26200s
 106125 71117  282.73378  186  431  202.15376 2541.92840  1157%   808 26405s
 106663 71908 1332.11990  104 1294  202.15376 2541.46533  1157%   808 26535s
 107571 72279 2237.21735   64 1822  202.15376 2541.23609  1157%   807 26657s
 107952 72848 1878.88106   99 1510  202.15376 2541.23609  1157%   809 26781s
 108551 73825 1352.56996  126 1196  202.15376 2540.61928  1157%   810 26902s
 109575 74569 2474.86293   47 1988  202.15376 2540.47554  1157%   810 27010s
 110434 74969 1761.28412   80 1496  202.15376 2540.47554  1157%   808 27122s
 110860 75524 1180.99914  118  992  202.15376 2540.19377  1157%   810 27239s
 111507 75959 2233.02570   60 1850  202.15376 2539.83357  1156%   810 27354s
 111970 76360  705.37464   91 1334  202.15376 2539.61664  1156%   811 27474s
 112495 76779 2000.31214   73 1662  202.15376 2539.52463  1156%   812 27595s
 112970 77233 2335.57978   51 1902  202.15376 2539.52463  1156%   813 27719s
 113507 77721  811.97523  117  940  202.15376 2538.97749  1156%   814 27841s
 114088 78133 1905.20831   73 1576  202.15376 2538.82107  1156%   815 27969s
 114511 78733 1474.21218  103 1264  202.15376 2538.82107  1156%   817 28089s
 115126 79610  720.93539  169  773  202.15376 2538.67694  1156%   818 28218s
 116082 80174 2273.71957   53 1835  202.15376 2538.67694  1156%   818 28400s
 116758 80807  850.19223  121  649  202.15376 2537.30405  1155%   818 28567s
 117476 81367 1965.72166   77 1625  202.15376 2536.51776  1155%   819 28722s
 118108 81898 1678.31014   76 1466  202.15376 2536.48840  1155%   821 28875s
 118717 82415 2312.67297   51 1902  202.15376 2535.64195  1154%   822 29029s
 119343 83040 2485.55443   38 2006  202.15376 2535.22274  1154%   823 29201s
 120062 83535  943.96295  118  784  202.15376 2534.57695  1154%   823 29359s
 120570 84378 2075.92204   63 1759  202.15376 2534.50766  1154%   825 29508s
 121423 85345 2447.60059   42 1923  202.15376 2534.50766  1154%   827 29654s
 122591 85833  705.95505  136  761  202.15376 2533.99732  1153%   826 29790s
 123183 86231 1808.91171   95 1412  202.15376 2533.72547  1153%   827 29942s
 123609 86437 2360.71542   48 1913  202.15376 2533.72547  1153%   828 30000s
