1	2	3	4	5	6	7	8  
 1 0.152895     601 0.092515    1201 0.110944    1801 0.1177
   2 0.152729     602 0.0924146   1202 0.110824    1802 0.117572
   3 0.152564     603 0.0923144   1203 0.110704    1803 0.117445
   4 0.152399     604 0.0922142   1204 0.110584    1804 0.117317
   5 0.152235     605 0.0921142   1205 0.110464    1805 0.11719
   6 0.15207      606 0.0920142   1206 0.110344    1806 0.117063
   7 0.151906     607 0.0919144   1207 0.110224    1807 0.116936
   8 0.151742     608 0.0918147   1208 0.110104    1808 0.116809
   9 0.151578     609 0.0917151   1209 0.109985    1809 0.116682
  10 0.151414     610 0.0916156   1210 0.109866    1810 0.116556
  11 0.15125      611 0.0915162   1211 0.109746    1811 0.116429
  12 0.151087     612 0.0914169   1212 0.109627    1812 0.116303
  13 0.150923     613 0.0913177   1213 0.109508    1813 0.116177
  14 0.15076      614 0.0912186   1214 0.10939     1814 0.116051
  15 0.150597     615 0.0911196   1215 0.109271    1815 0.115925
  16 0.150435     616 0.0910208   1216 0.109152    1816 0.115799
  17 0.150272     617 0.090922    1217 0.109034    1817 0.115673
  18 0.15011      618 0.0908234   1218 0.108916    1818 0.115548
  19 0.149947     619 0.0907249   1219 0.108797    1819 0.115423
  20 0.149785     620 0.0906264   1220 0.108679    1820 0.115297
  21 0.149624     621 0.0905281   1221 0.108562    1821 0.115172
  22 0.149462     622 0.0904299   1222 0.108444    1822 0.115047
  23 0.1493       623 0.0903318   1223 0.108326    1823 0.114922
  24 0.149138     624 0.0902338   1224 0.108209    1824 0.114798
  25 0.148976     625 0.0901359   1225 0.108091    1825 0.114673
  26 0.148814     626 0.0900381   1226 0.107974    1826 0.114549
  27 0.148653     627 0.0899404   1227 0.107857    1827 0.114425
  28 0.148492     628 0.0898428   1228 0.10774     1828 0.1143
  29 0.14833      629 0.0897453   1229 0.107623    1829 0.114176
  30 0.14817      630 0.089648    1230 0.107506    1830 0.114053
  31 0.148009     631 0.0895507   1231 0.107389    1831 0.113929
  32 0.147848     632 0.0894535   1232 0.107273    1832 0.113805
  33 0.147688     633 0.0893565   1233 0.107157    1833 0.113682
  34 0.147528     634 0.0892595   1234 0.10704     1834 0.113558
  35 0.147368     635 0.0891627   1235 0.106924    1835 0.113435
  36 0.147208     636 0.089066    1236 0.106808    1836 0.113312
  37 0.147048     637 0.0889693   1237 0.106692    1837 0.113189
  38 0.146888     638 0.0888728   1238 0.106577    1838 0.113066
  39 0.146729     639 0.0887764   1239 0.106461    1839 0.112944
  40 0.14657      640 0.0886801   1240 0.106345    1840 0.112821
  41 0.146411     641 0.0885839   1241 0.10623     1841 0.112699
  42 0.146252     642 0.0884878   1242 0.106115    1842 0.112576
  43 0.146093     643 0.0883917   1243 0.106       1843 0.112454
  44 0.145935     644 0.0882958   1244 0.105885    1844 0.112332
  45 0.145776     645 0.0882001   1245 0.10577     1845 0.11221
  46 0.145618     646 0.0881044   1246 0.105655    1846 0.112089
  47 0.14546      647 0.0880088   1247 0.10554     1847 0.111967
  48 0.145302     648 0.0879133   1248 0.105426    1848 0.111846
  49 0.145145     649 0.0878179   1249 0.105311    1849 0.111724
  50 0.144987     650 0.0877226   1250 0.105197    1850 0.111603
  51 0.14483      651 0.0876275   1251 0.105083    1851 0.111482
  52 0.144673     652 0.0875324   1252 0.104969    1852 0.111361
  53 0.144516     653 0.0874374   1253 0.104855    1853 0.11124
  54 0.144359     654 0.0873426   1254 0.104741    1854 0.11112
  55 0.144203     655 0.0872478   1255 0.104628    1855 0.110999
  56 0.144046     656 0.0871531   1256 0.104514    1856 0.110879
  57 0.14389      657 0.0870586   1257 0.104401    1857 0.110758
  58 0.143734     658 0.0869641   1258 0.104288    1858 0.110638
  59 0.143578     659 0.0868698   1259 0.104174    1859 0.110518
  60 0.143422     660 0.0867755   1260 0.104061    1860 0.110398
  61 0.143266     661 0.0866814   1261 0.103949    1861 0.110278
  62 0.143111     662 0.0865873   1262 0.103836    1862 0.110159
  63 0.142956     663 0.0864934   1263 0.103723    1863 0.110039
  64 0.142801     664 0.0863995   1264 0.103611    1864 0.10992
  65 0.142646     665 0.0863058   1265 0.103498    1865 0.109801
  66 0.142491     666 0.0862122   1266 0.103386    1866 0.109681
  67 0.142336     667 0.0861186   1267 0.103274    1867 0.109562
  68 0.142182     668 0.0860252   1268 0.103162    1868 0.109444
  69 0.142028     669 0.0859319   1269 0.10305     1869 0.109325
  70 0.141874     670 0.0858386   1270 0.102938    1870 0.109206
  71 0.14172      671 0.0857455   1271 0.102826    1871 0.109088
  72 0.141566     672 0.0856525   1272 0.102715    1872 0.108969
  73 0.141412     673 0.0855596   1273 0.102603    1873 0.108851
  74 0.141259     674 0.0854667   1274 0.102492    1874 0.108733
  75 0.141106     675 0.085374    1275 0.102381    1875 0.108615
  76 0.140952     676 0.0852814   1276 0.10227     1876 0.108497
  77 0.1408       677 0.0851889   1277 0.102159    1877 0.10838
  78 0.140647     678 0.0850964   1278 0.102048    1878 0.108262
  79 0.140494     679 0.0850041   1279 0.101937    1879 0.108144
  80 0.140342     680 0.0849119   1280 0.101827    1880 0.108027
  81 0.14019      681 0.0848198   1281 0.101716    1881 0.10791
  82 0.140037     682 0.0847277   1282 0.101606    1882 0.107793
  83 0.139885     683 0.0846358   1283 0.101495    1883 0.107676
  84 0.139734     684 0.084544    1284 0.101385    1884 0.107559
  85 0.139582     685 0.0844523   1285 0.101275    1885 0.107442
  86 0.139431     686 0.0843606   1286 0.101165    1886 0.107326
  87 0.139279     687 0.0842691   1287 0.101056    1887 0.107209
  88 0.139128     688 0.0841777   1288 0.100946    1888 0.107093
  89 0.138977     689 0.0840863   1289 0.100837    1889 0.106977
  90 0.138827     690 0.0839951   1290 0.100727    1890 0.106861
  91 0.138676     691 0.083904    1291 0.100618    1891 0.106745
  92 0.138525     692 0.083813    1292 0.100509    1892 0.106629
  93 0.138375     693 0.083722    1293 0.1004      1893 0.106513
  94 0.138225     694 0.0836312   1294 0.100291    1894 0.106398
  95 0.138075     695 0.0835405   1295 0.100182    1895 0.106282
  96 0.137925     696 0.0834498   1296 0.100073    1896 0.106167
  97 0.137776     697 0.0833593   1297 0.0999647   1897 0.106052
  98 0.137626     698 0.0832688   1298 0.0998562   1898 0.105937
  99 0.137477     699 0.0831785   1299 0.0997479   1899 0.105822
 100 0.137328     700 0.0830883   1300 0.0996397   1900 0.105707
 101 0.137179     701 0.0829981   1301 0.0995316   1901 0.105592
 102 0.13703      702 0.0829081   1302 0.0994236   1902 0.105478
 103 0.136881     703 0.0828181   1303 0.0993157   1903 0.105363
 104 0.136733     704 0.0827283   1304 0.0992079   1904 0.105249
 105 0.136584     705 0.0826385   1305 0.0991003   1905 0.105135
 106 0.136436     706 0.0825488   1306 0.0989928   1906 0.105021
 107 0.136288     707 0.0824593   1307 0.0988854   1907 0.104907
 108 0.13614      708 0.0823698   1308 0.0987781   1908 0.104793
 109 0.135993     709 0.0822805   1309 0.0986709   1909 0.104679
 110 0.135845     710 0.0821912   1310 0.0985639   1910 0.104566
 111 0.135698     711 0.082102    1311 0.098457    1911 0.104452
 112 0.13555      712 0.0820129   1312 0.0983501   1912 0.104339
 113 0.135403     713 0.081924    1313 0.0982434   1913 0.104226
 114 0.135256     714 0.0818351   1314 0.0981368   1914 0.104113
 115 0.13511      715 0.0817463   1315 0.0980304   1915 0.104
 116 0.134963     716 0.0816576   1316 0.097924    1916 0.103887
 117 0.134817     717 0.081569    1317 0.0978178   1917 0.103774
 118 0.13467      718 0.0814805   1318 0.0977116   1918 0.103662
 119 0.134524     719 0.0813921   1319 0.0976056   1919 0.103549
 120 0.134378     720 0.0813038   1320 0.0974997   1920 0.103437
 121 0.134233     721 0           1321 0.097394    1921 0.103325
 122 0.134087     722 0           1322 0.0972883   1922 0.103213
 123 0.133941     723 0           1323 0.0971827   1923 0.103101
 124 0.133796     724 0           1324 0.0970773   1924 0.102989
 125 0.133651     725 0           1325 0.096972    1925 0.102877
 126 0.133506     726 0           1326 0.0968668   1926 0.102765
 127 0.133361     727 0           1327 0.0967617   1927 0.102654
 128 0.133216     728 0           1328 0.0966567   1928 0.102542
 129 0.133072     729 0           1329 0.0965518   1929 0.102431
 130 0.132928     730 0           1330 0.0964471   1930 0.10232
 131 0.132783     731 0           1331 0.0963424   1931 0.102209
 132 0.132639     732 0           1332 0.0962379   1932 0.102098
 133 0.132495     733 0           1333 0.0961335   1933 0.101987
 134 0.132352     734 0           1334 0.0960292   1934 0.101877
 135 0.132208     735 0           1335 0.095925    1935 0.101766
 136 0.132065     736 0           1336 0.0958209   1936 0.101656
 137 0.131921     737 0           1337 0.095717    1937 0.101546
 138 0.131778     738 0           1338 0.0956131   1938 0.101435
 139 0.131635     739 0           1339 0.0955094   1939 0.101325
 140 0.131492     740 0           1340 0.0954058   1940 0.101215
 141 0.13135      741 0           1341 0.0953023   1941 0.101106
 142 0.131207     742 0           1342 0.0951989   1942 0.100996
 143 0.131065     743 0           1343 0.0950956   1943 0.100886
 144 0.130923     744 0           1344 0.0949924   1944 0.086476
 145 0.130781     745 0.153061    1345 0.0948893   1945 0.117012
 146 0.130639     746 0.153061    1346 0.0947864   1946 0.116936
 147 0.130497     747 0.153061    1347 0.0946836   1947 0.11686
 148 0.130355     748 0.153061    1348 0.0945808   1948 0.116785
 149 0.130214     749 0.153061    1349 0.0944782   1949 0.116709
 150 0.130073     750 0.153061    1350 0.0943757   1950 0.116633
 151 0.129932     751 0.153061    1351 0.0942733   1951 0.116558
 152 0.129791     752 0.153061    1352 0.094171    1952 0.116482
 153 0.12965      753 0.153061    1353 0.0940689   1953 0.116407
 154 0.129509     754 0.153061    1354 0.0939668   1954 0.116332
 155 0.129369     755 0.153061    1355 0.0938649   1955 0.116257
 156 0.129228     756 0.153061    1356 0.093763    1956 0.116182
 157 0.129088     757 0.153061    1357 0.0936613   1957 0.116106
 158 0.128948     758 0.153061    1358 0.0935597   1958 0.116032
 159 0.128808     759 0.153061    1359 0.0934582   1959 0.115957
 160 0.128668     760 0.153061    1360 0.0933568   1960 0.115882
 161 0.128529     761 0.153061    1361 0.0932555   1961 0.115807
 162 0.128389     762 0.153061    1362 0.0931543   1962 0.115733
 163 0.12825      763 0.153061    1363 0.0930532   1963 0.115658
 164 0.128111     764 0.153061    1364 0.0929523   1964 0.115584
 165 0.127972     765 0.153061    1365 0.0928514   1965 0.115509
 166 0.127833     766 0.153061    1366 0.0927507   1966 0.115435
 167 0.127694     767 0.153061    1367 0.0926501   1967 0.115361
 168 0.127556     768 0.152895    1368 0.0925495   1968 0.115235
 169 0.127417     769 0.152729    1369 0.0924491   1969 0.11511
 170 0.127279     770 0.152564    1370 0.0923488   1970 0.114986
 171 0.127141     771 0.152398    1371 0.0922486   1971 0.114861
 172 0.127003     772 0.152233    1372 0.0921486   1972 0.114736
 173 0.126865     773 0.152068    1373 0.0920486   1973 0.114612
 174 0.126728     774 0.151903    1374 0.0919487   1974 0.114487
 175 0.12659      775 0.151738    1375 0.091849    1975 0.114363
 176 0.126453     776 0.151573    1376 0.0917493   1976 0.114239
 177 0.126316     777 0.151409    1377 0.0916498   1977 0.114115
 178 0.126179     778 0.151244    1378 0.0915503   1978 0.113991
 179 0.126042     779 0.15108     1379 0.091451    1979 0.113868
 180 0.125905     780 0.150916    1380 0.0913518   1980 0.113744
 181 0.125768     781 0.150753    1381 0.0912527   1981 0.113621
 182 0.125632     782 0.150589    1382 0.0911537   1982 0.113497
 183 0.125496     783 0.150426    1383 0.0910548   1983 0.113374
 184 0.125359     784 0.150263    1384 0.090956    1984 0.113251
 185 0.125223     785 0.1501      1385 0.0908573   1985 0.113128
 186 0.125088     786 0.149937    1386 0.0907587   1986 0.113006
 187 0.124952     787 0.149774    1387 0.0906603   1987 0.112883
 188 0.124816     788 0.149611    1388 0.0905619   1988 0.112761
 189 0.124681     789 0.149449    1389 0.0904636   1989 0.112638
 190 0.124546     790 0.149287    1390 0.0903655   1990 0.112516
 191 0.124411     791 0.149125    1391 0.0902675   1991 0.112394
 192 0.124276     792 0.148963    1392 0.0901695   1992 0.112272
 193 0.124141     793 0.148802    1393 0.0900717   1993 0.11215
 194 0.124006     794 0.14864     1394 0.089974    1994 0.112029
 195 0.123871     795 0.148479    1395 0.0898764   1995 0.111907
 196 0.123737     796 0.148318    1396 0.0897788   1996 0.111786
 197 0.123603     797 0.148157    1397 0.0896814   1997 0.111664
 198 0.123469     798 0.147996    1398 0.0895841   1998 0.111543
 199 0.123335     799 0.147836    1399 0.0894869   1999 0.111422
 200 0.123201     800 0.147675    1400 0.0893899   2000 0.111301
 201 0.123067     801 0.147515    1401 0.0892929   2001 0.11118
 202 0.122934     802 0.147355    1402 0.089196    2002 0.11106
 203 0.1228       803 0.147195    1403 0.0890992   2003 0.110939
 204 0.122667     804 0.147035    1404 0.0890026   2004 0.110819
 205 0.122534     805 0.146876    1405 0.088906    2005 0.110699
 206 0.122401     806 0.146717    1406 0.0888095   2006 0.110579
 207 0.122268     807 0.146557    1407 0.0887132   2007 0.110459
 208 0.122136     808 0.146398    1408 0.0886169   2008 0.110339
 209 0.122003     809 0.14624     1409 0.0885208   2009 0.110219
 210 0.121871     810 0.146081    1410 0.0884247   2010 0.1101
 211 0.121739     811 0.145922    1411 0.0883288   2011 0.10998
 212 0.121607     812 0.145764    1412 0.088233    2012 0.109861
 213 0.121475     813 0.145606    1413 0.0881373   2013 0.109742
 214 0.121343     814 0.145448    1414 0.0880416   2014 0.109623
 215 0.121211     815 0.14529     1415 0.0879461   2015 0.109504
 216 0.12108      816 0.145132    1416 0.0878507   2016 0.109385
 217 0.120948     817 0.144975    1417 0.0877554   2017 0.109266
 218 0.120817     818 0.144818    1418 0.0876602   2018 0.109148
 219 0.120686     819 0.144661    1419 0.0875651   2019 0.109029
 220 0.120555     820 0.144504    1420 0.0874701   2020 0.108911
 221 0.120424     821 0.144347    1421 0.0873752   2021 0.108793
 222 0.120294     822 0.14419     1422 0.0872804   2022 0.108675
 223 0.120163     823 0.144034    1423 0.0871857   2023 0.108557
 224 0.120033     824 0.143878    1424 0.0870911   2024 0.108439
 225 0.119902     825 0.143721    1425 0.0869966   2025 0.108321
 226 0.119772     826 0.143566    1426 0.0869022   2026 0.108204
 227 0.119642     827 0.14341     1427 0.0868079   2027 0.108086
 228 0.119513     828 0.143254    1428 0.0867137   2028 0.107969
 229 0.119383     829 0.143099    1429 0.0866197   2029 0.107852
 230 0.119253     830 0.142944    1430 0.0865257   2030 0.107735
 231 0.119124     831 0.142788    1431 0.0864318   2031 0.107618
 232 0.118995     832 0.142634    1432 0.086338    2032 0.107501
 233 0.118866     833 0.142479    1433 0.0862444   2033 0.107385
 234 0.118737     834 0.142324    1434 0.0861508   2034 0.107268
 235 0.118608     835 0.14217     1435 0.0860573   2035 0.107152
 236 0.118479     836 0.142016    1436 0.085964    2036 0.107036
 237 0.118351     837 0.141861    1437 0.0858707   2037 0.106919
 238 0.118222     838 0.141708    1438 0.0857775   2038 0.106803
 239 0.118094     839 0.141554    1439 0.0856845   2039 0.106688
 240 0.117966     840 0.1414      1440 0.0855915   2040 0.106572
 241 0.117838     841 0.141247    1441 0.0854986   2041 0.106456
 242 0.11771      842 0.141094    1442 0.0854059   2042 0.106341
 243 0.117582     843 0.14094     1443 0.0853132   2043 0.106225
 244 0.117455     844 0.140788    1444 0.0852207   2044 0.10611
 245 0.117327     845 0.140635    1445 0.0851282   2045 0.105995
 246 0.1172       846 0.140482    1446 0.0850358   2046 0.10588
 247 0.117073     847 0.14033     1447 0.0849436   2047 0.105765
 248 0.116946     848 0.140178    1448 0.0848514   2048 0.10565
 249 0.116819     849 0.140025    1449 0.0847594   2049 0.105536
 250 0.116692     850 0.139874    1450 0.0846674   2050 0.105421
 251 0.116566     851 0.139722    1451 0.0845755   2051 0.105307
 252 0.116439     852 0.13957     1452 0.0844838   2052 0.105193
 253 0.116313     853 0.139419    1453 0.0843921   2053 0.105078
 254 0.116187     854 0.139268    1454 0.0843006   2054 0.104964
 255 0.116061     855 0.139116    1455 0.0842091   2055 0.104851
 256 0.115935     856 0.138966    1456 0.0841177   2056 0.104737
 257 0.115809     857 0.138815    1457 0.0840265   2057 0.104623
 258 0.115683     858 0.138664    1458 0.0839353   2058 0.10451
 259 0.115558     859 0.138514    1459 0.0838442   2059 0.104396
 260 0.115432     860 0.138363    1460 0.0837533   2060 0.104283
 261 0.115307     861 0.138213    1461 0.0836624   2061 0.10417
 262 0.115182     862 0.138063    1462 0.0835716   2062 0.104057
 263 0.115057     863 0.137914    1463 0.083481    2063 0.103944
 264 0.114932     864 0.137764    1464 0.0833904   2064 0.103831
 265 0.114808     865 0.137614    1465 0.0832999   2065 0.103719
 266 0.114683     866 0.137465    1466 0.0832096   2066 0.103606
 267 0.114559     867 0.137316    1467 0.0831193   2067 0.103494
 268 0.114434     868 0.137167    1468 0.0830291   2068 0.103381
 269 0.11431      869 0.137018    1469 0.082939    2069 0.103269
 270 0.114186     870 0.13687     1470 0.082849    2070 0.103157
 271 0.114062     871 0.136721    1471 0.0827591   2071 0.103045
 272 0.113938     872 0.136573    1472 0.0826694   2072 0.102933
 273 0.113815     873 0.136425    1473 0.0825797   2073 0.102822
 274 0.113691     874 0.136277    1474 0.0824901   2074 0.10271
 275 0.113568     875 0.136129    1475 0.0824006   2075 0.102599
 276 0.113445     876 0.135981    1476 0.0823112   2076 0.102487
 277 0.113322     877 0.135833    1477 0.0822219   2077 0.102376
 278 0.113199     878 0.135686    1478 0.0821327   2078 0.102265
 279 0.113076     879 0.135539    1479 0.0820436   2079 0.102154
 280 0.112953     880 0.135392    1480 0.0819545   2080 0.102043
 281 0.112831     881 0.135245    1481 0.0818656   2081 0.101933
 282 0.112708     882 0.135098    1482 0.0817768   2082 0.101822
 283 0.112586     883 0.134952    1483 0.0816881   2083 0.101712
 284 0.112464     884 0.134805    1484 0.0815995   2084 0.101601
 285 0.112342     885 0.134659    1485 0.0815109   2085 0.101491
 286 0.11222      886 0.134513    1486 0.0814225   2086 0.101381
 287 0.112098     887 0.134367    1487 0.0813342   2087 0.101271
 288 0.111977     888 0.134221    1488 0.0812459   2088 0.101161
 289 0.111855     889 0.134076    1489 0.0811578   2089 0.101051
 290 0.111734     890 0.13393     1490 0.0810697   2090 0.100942
 291 0.111613     891 0.133785    1491 0.0809818   2091 0.100832
 292 0.111491     892 0.13364     1492 0.0808939   2092 0.100723
 293 0.111371     893 0.133495    1493 0.0808061   2093 0.100613
 294 0.11125      894 0.13335     1494 0.0807185   2094 0.100504
 295 0.111129     895 0.133205    1495 0.0806309   2095 0.100395
 296 0.111008     896 0.133061    1496 0.0805434   2096 0.100286
 297 0.110888     897 0.132916    1497 0.080456    2097 0.100178
 298 0.110768     898 0.132772    1498 0.0803687   2098 0.100069
 299 0.110647     899 0.132628    1499 0.0802815   2099 0.0999603
 300 0.110527     900 0.132484    1500 0.0801944   2100 0.0998518
 301 0.110408     901 0.13234     1501 0.0801074   2101 0.0997435
 302 0.110288     902 0.132197    1502 0.0800205   2102 0.0996353
 303 0.110168     903 0.132053    1503 0.0799337   2103 0.0995272
 304 0.110049     904 0.13191     1504 0.079847    2104 0.0994192
 305 0.109929     905 0.131767    1505 0.0797603   2105 0.0993113
 306 0.10981      906 0.131624    1506 0.0796738   2106 0.0992036
 307 0.109691     907 0.131481    1507 0.0795874   2107 0.0990959
 308 0.109572     908 0.131339    1508 0.079501    2108 0.0989884
 309 0.109453     909 0.131196    1509 0.0794148   2109 0.098881
 310 0.109334     910 0.131054    1510 0.0793286   2110 0.0987738
 311 0.109216     911 0.130912    1511 0.0792425   2111 0.0986666
 312 0.109097     912 0.130769    1512 0.0791566   2112 0.0985595
 313 0.108979     913 0.130628    1513 0           2113 0.0984526
 314 0.10886      914 0.130486    1514 0           2114 0.0983458
 315 0.108742     915 0.130344    1515 0           2115 0.0982391
 316 0.108624     916 0.130203    1516 0           2116 0.0981325
 317 0.108506     917 0.130062    1517 0           2117 0.098026
 318 0.108389     918 0.129921    1518 0           2118 0.0979197
 319 0.108271     919 0.12978     1519 0           2119 0.0978135
 320 0.108154     920 0.129639    1520 0           2120 0.0977073
 321 0.108036     921 0.129498    1521 0           2121 0.0976013
 322 0.107919     922 0.129358    1522 0           2122 0.0974954
 323 0.107802     923 0.129217    1523 0           2123 0.0973897
 324 0.107685     924 0.129077    1524 0           2124 0.097284
 325 0.107568     925 0.128937    1525 0           2125 0.0971784
 326 0.107452     926 0.128797    1526 0           2126 0.097073
 327 0.107335     927 0.128657    1527 0           2127 0.0969677
 328 0.107219     928 0.128518    1528 0           2128 0.0968625
 329 0.107102     929 0.128378    1529 0           2129 0.0967574
 330 0.106986     930 0.128239    1530 0           2130 0.0966524
 331 0.10687      931 0.1281      1531 0           2131 0.0965476
 332 0.106754     932 0.127961    1532 0           2132 0.0964428
 333 0.106638     933 0.127822    1533 0           2133 0.0963382
 334 0.106522     934 0.127683    1534 0           2134 0.0962337
 335 0.106407     935 0.127545    1535 0           2135 0.0961292
 336 0.106291     936 0.127407    1536 0           2136 0.096025
 337 0.106176     937 0.127268    1537 0.153061    2137 0.0959208
 338 0.106061     938 0.12713     1538 0.153061    2138 0.0958167
 339 0.105946     939 0.126992    1539 0.153061    2139 0.0957127
 340 0.105831     940 0.126855    1540 0.153061    2140 0.0956089
 341 0.105716     941 0.126717    1541 0.153061    2141 0.0955052
 342 0.105601     942 0.126579    1542 0.153061    2142 0.0954016
 343 0.105487     943 0.126442    1543 0.153061    2143 0.0952981
 344 0.105372     944 0.126305    1544 0.153061    2144 0.0951947
 345 0.105258     945 0.126168    1545 0.153061    2145 0.0950914
 346 0.105144     946 0.126031    1546 0.153061    2146 0.0949882
 347 0.10503      947 0.125894    1547 0.153061    2147 0.0948852
 348 0.104916     948 0.125758    1548 0.153061    2148 0.0947822
 349 0.104802     949 0.125621    1549 0.153061    2149 0.0946794
 350 0.104688     950 0.125485    1550 0.153061    2150 0.0945767
 351 0.104575     951 0.125349    1551 0.153061    2151 0.094474
 352 0.104461     952 0.125213    1552 0.153061    2152 0.0943715
 353 0.104348     953 0.125077    1553 0.153061    2153 0.0942692
 354 0.104235     954 0.124941    1554 0.153061    2154 0.0941669
 355 0.104122     955 0.124806    1555 0.153061    2155 0.0940647
 356 0.104009     956 0.12467     1556 0.153061    2156 0.0939627
 357 0.103896     957 0.124535    1557 0.153061    2157 0.0938607
 358 0.103783     958 0.1244      1558 0.153061    2158 0.0937589
 359 0.10367      959 0.124265    1559 0.153061    2159 0.0936572
 360 0.0883782    960 0.12413     1560 0.152895    2160 0.0935555
 361 0.118912     961 0.123995    1561 0.152729    2161 0.093454
 362 0.118834     962 0.123861    1562 0.152564    2162 0.0933527
 363 0.118756     963 0.123727    1563 0.152398    2163 0.0932514
 364 0.118679     964 0.123592    1564 0.152233    2164 0.0931502
 365 0.118601     965 0.123458    1565 0.152068    2165 0.0930491
 366 0.118523     966 0.123324    1566 0.151903    2166 0.0929482
 367 0.118446     967 0.12319     1567 0.151738    2167 0.0928473
 368 0.118368     968 0.123057    1568 0.151573    2168 0.0927466
 369 0.118291     969 0.122923    1569 0.151409    2169 0.092646
 370 0.118213     970 0.12279     1570 0.151244    2170 0.0925455
 371 0.118136     971 0.122657    1571 0.15108     2171 0.0924451
 372 0.118059     972 0.122524    1572 0.150916    2172 0.0923448
 373 0.117982     973 0.122391    1573 0.150753    2173 0.0922446
 374 0.117905     974 0.122258    1574 0.150589    2174 0.0921445
 375 0.117828     975 0.122125    1575 0.150426    2175 0.0920445
 376 0.117751     976 0.121993    1576 0.150263    2176 0.0919447
 377 0.117674     977 0.12186     1577 0.1501      2177 0.0918449
 378 0.117598     978 0.121728    1578 0.149937    2178 0.0917453
 379 0.117521     979 0.121596    1579 0.149774    2179 0.0916457
 380 0.117445     980 0.121464    1580 0.149611    2180 0.0915463
 381 0.117368     981 0.121332    1581 0.149449    2181 0.091447
 382 0.117292     982 0.121201    1582 0.149287    2182 0.0913478
 383 0.117216     983 0.121069    1583 0.149125    2183 0.0912486
 384 0.117089     984 0.120938    1584 0.148963    2184 0.0911496
 385 0.116962     985 0.120807    1585 0.148802    2185 0.0910508
 386 0.116835     986 0.120676    1586 0.14864     2186 0.090952
 387 0.116708     987 0.120545    1587 0.148479    2187 0.0908533
 388 0.116581     988 0.120414    1588 0.148318    2188 0.0907547
 389 0.116455     989 0.120283    1589 0.148157    2189 0.0906563
 390 0.116328     990 0.120153    1590 0.147996    2190 0.0905579
 391 0.116202     991 0.120022    1591 0.147836    2191 0.0904596
 392 0.116076     992 0.119892    1592 0.147675    2192 0.0903615
 393 0.11595      993 0.119762    1593 0.147515    2193 0.0902635
 394 0.115824     994 0.119632    1594 0.147355    2194 0.0901655
 395 0.115699     995 0.119502    1595 0.147195    2195 0.0900677
 396 0.115573     996 0.119373    1596 0.147035    2196 0.08997
 397 0.115448     997 0.119243    1597 0.146876    2197 0.0898724
 398 0.115323     998 0.119114    1598 0.146717    2198 0.0897749
 399 0.115198     999 0.118985    1599 0.146557    2199 0.0896775
 400 0.115073    1000 0.118856    1600 0.146398    2200 0.0895802
 401 0.114948    1001 0.118727    1601 0.14624     2201 0.089483
 402 0.114823    1002 0.118598    1602 0.146081    2202 0.0893859
 403 0.114698    1003 0.118469    1603 0.145922    2203 0.0892889
 404 0.114574    1004 0.118341    1604 0.145764    2204 0.0891921
 405 0.11445     1005 0.118212    1605 0.145606    2205 0.0890953
 406 0.114325    1006 0.118084    1606 0.145448    2206 0.0889986
 407 0.114201    1007 0.117956    1607 0.14529     2207 0.0889021
 408 0.114078    1008 0.117828    1608 0.145132    2208 0.0888056
 409 0.113954    1009 0.1177      1609 0.144975    2209 0.0887093
 410 0.11383     1010 0.117572    1610 0.144818    2210 0.088613
 411 0.113707    1011 0.117445    1611 0.144661    2211 0.0885169
 412 0.113583    1012 0.117317    1612 0.144504    2212 0.0884208
 413 0.11346     1013 0.11719     1613 0.144347    2213 0.0883249
 414 0.113337    1014 0.117063    1614 0.14419     2214 0.0882291
 415 0.113214    1015 0.116936    1615 0.144034    2215 0.0881334
 416 0.113091    1016 0.116809    1616 0.143878    2216 0.0880377
 417 0.112968    1017 0.116682    1617 0.143721    2217 0.0879422
 418 0.112846    1018 0.116556    1618 0.143566    2218 0.0878468
 419 0.112723    1019 0.116429    1619 0.14341     2219 0.0877515
 420 0.112601    1020 0.116303    1620 0.143254    2220 0.0876563
 421 0.112479    1021 0.116177    1621 0.143099    2221 0.0875612
 422 0.112357    1022 0.116051    1622 0.142944    2222 0.0874662
 423 0.112235    1023 0.115925    1623 0.142788    2223 0.0873713
 424 0.112113    1024 0.115799    1624 0.142634    2224 0.0872765
 425 0.111992    1025 0.115673    1625 0.142479    2225 0.0871818
 426 0.11187     1026 0.115548    1626 0.142324    2226 0.0870872
 427 0.111749    1027 0.115423    1627 0.14217     2227 0.0869928
 428 0.111628    1028 0.115297    1628 0.142016    2228 0.0868984
 429 0.111506    1029 0.115172    1629 0.141861    2229 0.0868041
 430 0.111385    1030 0.115047    1630 0.141708    2230 0.0867099
 431 0.111265    1031 0.114922    1631 0.141554    2231 0.0866158
 432 0.111144    1032 0.114798    1632 0.1414      2232 0.0865219
 433 0.111023    1033 0.114673    1633 0.141247    2233 0.086428
 434 0.110903    1034 0.114549    1634 0.141094    2234 0.0863342
 435 0.110783    1035 0.114425    1635 0.14094     2235 0.0862406
 436 0.110662    1036 0.1143      1636 0.140788    2236 0.086147
 437 0.110542    1037 0.114176    1637 0.140635    2237 0.0860535
 438 0.110422    1038 0.114053    1638 0.140482    2238 0.0859602
 439 0.110303    1039 0.113929    1639 0.14033     2239 0.0858669
 440 0.110183    1040 0.113805    1640 0.140178    2240 0.0857737
 441 0.110063    1041 0.113682    1641 0.140025    2241 0.0856807
 442 0.109944    1042 0.113558    1642 0.139874    2242 0.0855877
 443 0.109825    1043 0.113435    1643 0.139722    2243 0.0854949
 444 0.109705    1044 0.113312    1644 0.13957     2244 0.0854021
 445 0.109586    1045 0.113189    1645 0.139419    2245 0.0853095
 446 0.109468    1046 0.113066    1646 0.139268    2246 0.0852169
 447 0.109349    1047 0.112944    1647 0.139116    2247 0.0851244
 448 0.10923     1048 0.112821    1648 0.138966    2248 0.0850321
 449 0.109112    1049 0.112699    1649 0.138815    2249 0.0849398
 450 0.108993    1050 0.112576    1650 0.138664    2250 0.0848477
 451 0.108875    1051 0.112454    1651 0.138514    2251 0.0847556
 452 0.108757    1052 0.112332    1652 0.138363    2252 0.0846637
 453 0.108639    1053 0.11221     1653 0.138213    2253 0.0845718
 454 0.108521    1054 0.112089    1654 0.138063    2254 0.0844801
 455 0.108403    1055 0.111967    1655 0.137914    2255 0.0843884
 456 0.108286    1056 0.111846    1656 0.137764    2256 0.0842968
 457 0.108168    1057 0.111724    1657 0.137614    2257 0.0842054
 458 0.108051    1058 0.111603    1658 0.137465    2258 0.084114
 459 0.107934    1059 0.111482    1659 0.137316    2259 0.0840228
 460 0.107817    1060 0.111361    1660 0.137167    2260 0.0839316
 461 0.1077      1061 0.11124     1661 0.137018    2261 0.0838405
 462 0.107583    1062 0.11112     1662 0.13687     2262 0.0837496
 463 0.107466    1063 0.110999    1663 0.136721    2263 0.0836587
 464 0.107349    1064 0.110879    1664 0.136573    2264 0.083568
 465 0.107233    1065 0.110758    1665 0.136425    2265 0.0834773
 466 0.107117    1066 0.110638    1666 0.136277    2266 0.0833867
 467 0.107       1067 0.110518    1667 0.136129    2267 0.0832963
 468 0.106884    1068 0.110398    1668 0.135981    2268 0.0832059
 469 0.106768    1069 0.110278    1669 0.135833    2269 0.0831156
 470 0.106652    1070 0.110159    1670 0.135686    2270 0.0830254
 471 0.106537    1071 0.110039    1671 0.135539    2271 0.0829354
 472 0.106421    1072 0.10992     1672 0.135392    2272 0.0828454
 473 0.106306    1073 0.109801    1673 0.135245    2273 0.0827555
 474 0.10619     1074 0.109681    1674 0.135098    2274 0.0826657
 475 0.106075    1075 0.109562    1675 0.134952    2275 0.082576
 476 0.10596     1076 0.109444    1676 0.134805    2276 0.0824864
 477 0.105845    1077 0.109325    1677 0.134659    2277 0.0823969
 478 0.10573     1078 0.109206    1678 0.134513    2278 0.0823075
 479 0.105616    1079 0.109088    1679 0.134367    2279 0.0822182
 480 0.105501    1080 0.108969    1680 0.134221    2280 0.082129
 481 0.105387    1081 0.108851    1681 0.134076    2281 0.0820399
 482 0.105272    1082 0.108733    1682 0.13393     2282 0.0819509
 483 0.105158    1083 0.108615    1683 0.133785    2283 0.081862
 484 0.105044    1084 0.108497    1684 0.13364     2284 0.0817732
 485 0.10493     1085 0.10838     1685 0.133495    2285 0.0816845
 486 0.104816    1086 0.108262    1686 0.13335     2286 0.0815959
 487 0.104702    1087 0.108144    1687 0.133205    2287 0.0815073
 488 0.104589    1088 0.108027    1688 0.133061    2288 0.0814189
 489 0.104475    1089 0.10791     1689 0.132916    2289 0.0813306
 490 0.104362    1090 0.107793    1690 0.132772    2290 0.0812423
 491 0.104249    1091 0.107676    1691 0.132628    2291 0.0811542
 492 0.104136    1092 0.107559    1692 0.132484    2292 0.0810661
 493 0.104023    1093 0.107442    1693 0.13234     2293 0.0809782
 494 0.10391     1094 0.107326    1694 0.132197    2294 0.0808903
 495 0.103797    1095 0.107209    1695 0.132053    2295 0.0808026
 496 0.103684    1096 0.107093    1696 0.13191     2296 0.0807149
 497 0.103572    1097 0.106977    1697 0.131767    2297 0.0806273
 498 0.10346     1098 0.106861    1698 0.131624    2298 0.0805399
 499 0.103347    1099 0.106745    1699 0.131481    2299 0.0804525
 500 0.103235    1100 0.106629    1700 0.131339    2300 0.0803652
 501 0.103123    1101 0.106513    1701 0.131196    2301 0.080278
 502 0.103011    1102 0.106398    1702 0.131054    2302 0.0801909
 503 0.1029      1103 0.106282    1703 0.130912    2303 0.0801039
 504 0.102788    1104 0.106167    1704 0.130769    2304 0.080017
 505 0.102676    1105 0.106052    1705 0.130628    2305 0.0799302
 506 0.102565    1106 0.105937    1706 0.130486    2306 0.0798435
 507 0.102454    1107 0.105822    1707 0.130344    2307 0.0797568
 508 0.102343    1108 0.105707    1708 0.130203    2308 0.0796703
 509 0.102231    1109 0.105592    1709 0.130062    2309 0.0795839
 510 0.102121    1110 0.105478    1710 0.129921    2310 0.0794975
 511 0.10201     1111 0.105363    1711 0.12978     2311 0.0794113
 512 0.101899    1112 0.105249    1712 0.129639    2312 0.0793251
 513 0.101789    1113 0.105135    1713 0.129498    2313 0.079239
 514 0.101678    1114 0.105021    1714 0.129358    2314 0.0791531
 515 0.101568    1115 0.104907    1715 0.129217    2315 0.0790672
 516 0.101458    1116 0.104793    1716 0.129077    2316 0.0789814
 517 0.101348    1117 0.104679    1717 0.128937    2317 0.0788957
 518 0.101238    1118 0.104566    1718 0.128797    2318 0.0788101
 519 0.101128    1119 0.104452    1719 0.128657    2319 0.0787246
 520 0.101018    1120 0.104339    1720 0.128518    2320 0.0786392
 521 0.100908    1121 0.104226    1721 0.128378    2321 0.0785539
 522 0.100799    1122 0.104113    1722 0.128239    2322 0.0784687
 523 0.10069     1123 0.104       1723 0.1281      2323 0.0783835
 524 0.10058     1124 0.103887    1724 0.127961    2324 0.0782985
 525 0.100471    1125 0.103774    1725 0.127822    2325 0.0782135
 526 0.100362    1126 0.103662    1726 0.127683    2326 0.0781287
 527 0.100253    1127 0.103549    1727 0.127545    2327 0.0780439
 528 0.100145    1128 0.0882926   1728 0.127407    2328 0.0779592
 529 0.100036    1129 0.118827    1729 0.127268    2329 0.076537
 530 0.0999274   1130 0.118749    1730 0.12713     2330 0.0764539
 531 0.099819    1131 0.118671    1731 0.126992    2331 0.076371
 532 0.0997107   1132 0.118593    1732 0.126855    2332 0.0762881
 533 0.0996025   1133 0.118516    1733 0.126717    2333 0.0762054
 534 0.0994944   1134 0.118438    1734 0.126579    2334 0.0761227
 535 0.0993865   1135 0.118361    1735 0.126442    2335 0.0760401
 536 0.0992786   1136 0.118283    1736 0.126305    2336 0.0759576
 537 0.0991709   1137 0.118206    1737 0.126168    2337 0.0758752
 538 0.0990633   1138 0.118129    1738 0.126031    2338 0.0757929
 539 0.0989559   1139 0.118052    1739 0.125894    2339 0.0757106
 540 0.0988485   1140 0.117975    1740 0.125758    2340 0.0756285
 541 0.0987412   1141 0.117898    1741 0.125621    2341 0.0755464
 542 0.0986341   1142 0.117821    1742 0.125485    2342 0.0754645
 543 0.0985271   1143 0.117744    1743 0.125349    2343 0.0753826
 544 0.0984202   1144 0.117667    1744 0.125213    2344 0.0753008
 545 0.0983134   1145 0.11759     1745 0.125077    2345 0.0752191
 546 0.0982068   1146 0.117514    1746 0.124941    2346 0.0751375
 547 0.0981002   1147 0.117437    1747 0.124806    2347 0.075056
 548 0.0979938   1148 0.117361    1748 0.12467     2348 0.0749746
 549 0.0978875   1149 0.117285    1749 0.124535    2349 0.0748932
 550 0.0977813   1150 0.117208    1750 0.1244      2350 0.074812
 551 0.0976752   1151 0.117132    1751 0.124265    2351 0.0747308
 552 0.0975692   1152 0.117005    1752 0.12413     2352 0.0746497
 553 0.0974633   1153 0.116878    1753 0.123995    2353 0.0726933
 554 0.0973576   1154 0.116752    1754 0.123861    2354 0.0726145
 555 0.097252    1155 0.116625    1755 0.123727    2355 0.0725357
 556 0.0971465   1156 0.116498    1756 0.123592    2356 0.072457
 557 0.0970411   1157 0.116372    1757 0.123458    2357 0.0723784
 558 0.0969358   1158 0.116246    1758 0.123324    2358 0.0722999
 559 0.0968306   1159 0.11612     1759 0.12319     2359 0.0722214
 560 0.0967256   1160 0.115994    1760 0.123057    2360 0.0721431
 561 0.0966206   1161 0.115868    1761 0.122923    2361 0.0720648
 562 0.0965158   1162 0.115742    1762 0.12279     2362 0.0719866
 563 0.0964111   1163 0.115616    1763 0.122657    2363 0.0719085
 564 0.0963065   1164 0.115491    1764 0.122524    2364 0.0718305
 565 0.096202    1165 0.115366    1765 0.122391    2365 0.0717526
 566 0.0960976   1166 0.115241    1766 0.122258    2366 0.0716747
 567 0.0959934   1167 0.115115    1767 0.122125    2367 0.0715969
 568 0.0958892   1168 0.114991    1768 0.121993    2368 0.0715193
 569 0.0957852   1169 0.114866    1769 0.12186     2369 0.0714417
 570 0.0956812   1170 0.114741    1770 0.121728    2370 0.0713642
 571 0.0955774   1171 0.114617    1771 0.121596    2371 0.0712867
 572 0.0954737   1172 0.114492    1772 0.121464    2372 0.0712094
 573 0.0953702   1173 0.114368    1773 0.121332    2373 0.0711321
 574 0.0952667   1174 0.114244    1774 0.121201    2374 0.071055
 575 0.0951633   1175 0.11412     1775 0.121069    2375 0.0709779
 576 0.0950601   1176 0.113996    1776 0.120938    2376 0.0709009
 577 0.094957    1177 0.113873    1777 0.120807    2377 0.0690427
 578 0.0948539   1178 0.113749    1778 0.120676    2378 0.0689678
 579 0.094751    1179 0.113626    1779 0.120545    2379 0.068893
 580 0.0946482   1180 0.113502    1780 0.120414    2380 0.0688182
 581 0.0945455   1181 0.113379    1781 0.120283    2381 0.0687436
 582 0.094443    1182 0.113256    1782 0.120153    2382 0.068669
 583 0.0943405   1183 0.113133    1783 0.120022    2383 0.0685945
 584 0.0942381   1184 0.113011    1784 0.119892    2384 0.0685201
 585 0.0941359   1185 0.112888    1785 0.119762    2385 0.0684457
 586 0.0940338   1186 0.112766    1786 0.119632    2386 0.0683715
 587 0.0939317   1187 0.112643    1787 0.119502    2387 0.0682973
 588 0.0938298   1188 0.112521    1788 0.119373    2388 0.0682232
 589 0.093728    1189 0.112399    1789 0.119243    2389 0.0681492
 590 0.0936263   1190 0.112277    1790 0.119114    2390 0.0680752
 591 0.0935248   1191 0.112155    1791 0.118985    2391 0.0680014
 592 0.0934233   1192 0.112033    1792 0.118856    2392 0.0679276
 593 0.0933219   1193 0.111912    1793 0.118727    2393 0.0678539
 594 0.0932207   1194 0.11179     1794 0.118598    2394 0.0677803
 595 0.0931195   1195 0.111669    1795 0.118469    2395 0.0677068
 596 0.0930185   1196 0.111548    1796 0.118341    2396 0.0676333
 597 0.0929176   1197 0.111427    1797 0.118212    2397 0.0675599
 598 0.0928168   1198 0.111306    1798 0.118084    2398 0.0674866
 599 0.0927161   1199 0.111185    1799 0.117956    2399 0.0674134
 600 0.0926155   1200 0.111065    1800 0.117828    2400 0.0673403