A Nodes Current_Node  Objective_Bounds Work  Incumbent BestBd   Gap  Depth Time  

     0     0 1096.70423    0  372          - 1096.70423      -     -    4s
H    0     0                    -16701.78000 1096.70423   107%     -    5s
H    0     0                    -10984.03390 1096.70423   110%     -    5s
H    0     0                    -10675.90036 1096.70423   110%     -    5s
H    0     0                    -10657.38006 1095.13811   110%     -    5s
     0     0 1053.05856    0  359 -10657.380 1053.05856   110%     -    5s
     0     0 1051.26791    0  291 -10657.380 1051.26791   110%     -    7s
H    0     0                    -10645.26343 1051.26791   110%     -    8s
     0     0 1049.81533    0  289 -10645.263 1049.81533   110%     -    8s
     0     0 1049.81533    0  292 -10645.263 1049.81533   110%     -    8s
     0     0 1049.81533    0  291 -10645.263 1049.81533   110%     -    8s
     0     0 1049.66019    0  291 -10645.263 1049.66019   110%     -    9s
     0     0 1049.14988    0  291 -10645.263 1049.14988   110%     -    9s
H    0     0                    -10633.32360 1048.32895   110%     -   11s
H    0     0                    -10622.71847 1048.32895   110%     -   11s
     0     0 1037.65666    0  239 -10622.718 1037.65666   110%     -   11s
H    0     0                    -10581.02797 1037.65666   110%     -   13s
     0     0 1028.96989    0  236 -10581.028 1028.96989   110%     -   13s
H    0     0                    -10575.67619 1028.96989   110%     -   13s
     0     0 1026.66056    0  236 -10575.676 1026.66056   110%     -   13s
     0     0 1024.90030    0  236 -10575.676 1024.90030   110%     -   14s
H    0     0                    -10570.12475 1024.90030   110%     -   15s
     0     0 1018.25940    0  232 -10570.125 1018.25940   110%     -   17s
     3     4 1018.25940    2   69 -10570.125 1018.25940   110% 10779   33s
     9    14 1018.25940    4   66 -10570.125 1018.25940   110%  4161   35s
   383   424  963.83297   50   99 -10570.125 1018.25940   110%   355   40s
H  535   534                    -10471.42600 1018.25940   110%   234   40s
   536   538  986.92275    2  173 -10471.426  986.92275   109%   293   59s
   538   542  986.92275    3  176 -10471.426  986.92275   109%   299   61s
   566   572  986.92275    8  185 -10471.426  986.92275   109%   346   67s
   616   623  986.92275   16  221 -10471.426  986.92275   109%   372   70s
   692   700  870.16471   27  248 -10471.426  986.92275   109%   423   75s
   786   806  672.92851   39  263 -10471.426  986.92275   109%   453   80s
   977  1031  559.22210   67  218 -10471.426  986.92275   109%   414   85s
H 1109  1109                    -9664.671178  986.92275   110%   369   85s
H 1766  1766                    -8493.319371  986.92275   112%   272   89s
  1766  1862  543.16942   77  223 -8493.3194  986.92275   112%   276   90s
  2136  2181  504.15562  118  206 -8493.3194  986.92275   112%   247   95s
  2309  2411  538.08667  122  178 -8493.3194  986.92275   112%   238  100s
H 2470  2470                    -7210.289873  986.92275   114%   225  101s
H 3331  3316                    -5447.824443  986.92275   118%   214  104s
  3331  3436  536.52332  143  157 -5447.8244  986.92275   118%   217  107s
  3605  3622  510.59076  179  131 -5447.8244  986.92275   118%   211  110s
  3902  3978  464.70850  203  149 -5447.8244  986.92275   118%   210  115s
H 4282  4267                    -5237.064593  986.92275   119%   202  119s
  4282  4361  813.69023  168   32 -5237.0646  986.92275   119%   207  120s
  5205  4685  986.92275   16  110 -5237.0646  986.92275   119%   205  130s
  5357  4803  986.92275   30   89 -5237.0646  986.92275   119%   207  135s
H 5388  4805                    -5138.894990  986.92275   119%   204  135s
  5640  5152  449.65074  281   90 -5138.8950  986.92275   119%   206  140s
  5958  5407  448.73294  295   76 -5138.8950  986.92275   119%   211  145s
  6182  5703  403.47925  327   71 -5138.8950  986.92275   119%   220  151s
  6437  5994  302.32727  348   59 -5138.8950  986.92275   119%   225  155s
H 6593  5994                    -131.7872443  986.92275   849%   223  155s
  7060  6111  748.02597   71  214 -131.78724  986.92275   849%   239  160s
  7542  5856  753.24020  106  178 -131.78724  986.92275   849%   248  165s
H 8032  5867                    -123.4285880  986.92275   900%   249  167s
  8338  6303  285.06880  366   46 -123.42859  986.92275   900%   247  170s
  8595  6527  283.69292  380   32 -123.42859  986.92275   900%   246  175s
  9055  6935  266.33742  399   17 -123.42859  986.92275   900%   245  181s
H 9528  7041                     -75.8793482  986.92275  1401%   241  184s
  9664  7083  746.30221  201   82  -75.87935  986.92275  1401%   244  185s
 10505  7043  761.61879   35  211  -75.87935  969.35239  1377%   253  190s
 11306  7221  743.84977   36  167  -75.87935  956.69593  1361%   265  195s
H11421  7183                     -73.6913550  956.69593  1398%   265  195s
 11613  7572  869.23150   28  247  -73.69136  956.69593  1398%   267  202s
 11841  7579  956.69593   11  262  -73.69136  956.69593  1398%   267  243s
 11843  7583  956.69593   12  263  -73.69136  956.69593  1398%   267  248s
 11847  7587  956.69593   13  261  -73.69136  956.69593  1398%   267  252s
 11927  7641  956.69593   19  247  -73.69136  956.69593  1398%   266  256s
 11985  7680  952.27255   23  256  -73.69136  956.69593  1398%   266  260s
 12147  7545  854.48184   35  198  -73.69136  956.69593  1398%   266  265s
 12208  7583  794.34112   39  185  -73.69136  956.69593  1398%   267  272s
 12219  7604  794.14852   40  179  -73.69136  956.69593  1398%   268  275s
 12337  7678  756.19236   51  276  -73.69136  956.69593  1398%   270  280s
 12401  7720  653.86062   54  338  -73.69136  956.69593  1398%   273  285s
 12712  7924  535.81491   84  359  -73.69136  956.69593  1398%   275  290s
 12869  8042  345.23438  107  468  -73.69136  956.69593  1398%   278  295s
 13117  8188  169.83368  140  448  -73.69136  956.69593  1398%   281  300s
H13280  8212                     -73.6913518  956.69593  1398%   283  303s
 13506  8317  776.23067   31  214  -73.69135  955.58739  1397%   287  305s
 14364  8421     cutoff   41       -73.69135  950.56580  1390%   292  310s
 15380  8417  763.17388   40  207  -73.69135  946.70169  1385%   300  315s
 16036  8678  156.58777  176  413  -73.69135  945.86247  1384%   302  320s
 16288  8779  905.44398   25  279  -73.69135  945.86247  1384%   303  325s
 16471  8839  778.57735   34  212  -73.69135  945.86247  1384%   305  332s
 16645  9020  269.81620   50  272  -73.69135  945.86247  1384%   306  335s
 17095  9184  437.60690   48  381  -73.69135  945.86247  1384%   311  341s
 17339  9259  945.86247   20  259  -73.69135  945.86247  1384%   314  346s
 17627  9522  144.63111   84  499  -73.69135  945.86247  1384%   315  350s
 18125  9661  591.83219   58  397  -73.69135  945.86247  1384%   321  355s
 18272  9826     cutoff   37       -73.69135  945.84401  1384%   326  360s
 19068 10282     cutoff   38       -73.69135  944.53751  1382%   329  365s
 19909 10596  795.16972   39  206  -73.69135  942.16275  1379%   333  370s
 20906 11128  911.18798   26  152  -73.69135  939.42917  1375%   338  376s
H21667 11270                     -73.6913507  938.18932  1373%   339  378s
 21667 11484  475.28764   61  445  -73.69135  938.18932  1373%   340  382s
 22077 11660  160.46950   82  570  -73.69135  938.18932  1373%   347  387s
 22327 11712  559.79249   53  393  -73.69135  938.18932  1373%   348  390s
 22731 11989  485.74528   44  181  -73.69135  938.18932  1373%   350  395s
 23212 12102  153.16980   38  351  -73.69135  938.18932  1373%   352  400s
 23571 12219  238.58164   71  522  -73.69135  938.18932  1373%   356  406s
 23921 12494  363.32229   52  383  -73.69135  938.18932  1373%   360  413s
 24146 12617  788.23493   40  312  -73.69135  938.18932  1373%   362  416s
 24396 12812  878.57013   27  307  -73.69135  938.18932  1373%   363  420s
 24741 13058  133.72380   71  488  -73.69135  938.18932  1373%   366  425s
 25924 13561  841.46559   34  165  -73.69135  936.76118  1371%   370  432s
 26485 13701     cutoff   42       -73.69135  935.74733  1370%   371  435s
 27423 14308  757.16750   38  194  -73.69135  933.71888  1367%   372  440s
 28089 14085  874.76835   36  166  -73.69135  932.73226  1366%   369  455s
 28571 14538  918.23278   28   96  -73.69135  930.94964  1363%   370  460s
H29559 14716                     -67.6183400  928.44576  1473%   373  463s
 29559 14909  821.38695   39  285  -67.61834  928.44576  1473%   373  467s
 29784 15270  531.34914   44  424  -67.61834  928.44576  1473%   375  479s
 30366 15343  608.99672   53  311  -67.61834  928.39563  1473%   379  484s
 30693 15543  371.44745   56  347  -67.61834  927.10020  1471%   380  489s
 31086 15876  463.93653   55  401  -67.61834  926.20607  1470%   382  495s
 31717 16143  893.20201   25  280  -67.61834  925.17563  1468%   383  500s
 32312 15949     cutoff   71       -67.61834  924.51749  1467%   384  533s
 32320 15870  919.45277   18  264  -67.61834  924.17424  1467%   384  538s
 32644 15729  353.79919   41  277  -67.61834  924.08836  1467%   385  544s
 32870 15891  716.90771   42  340  -67.61834  924.08836  1467%   387  549s
 33110 16020  394.11825   66  455  -67.61834  924.08836  1467%   390  555s
 33389 16292  276.44540   75  482  -67.61834  923.67792  1466%   393  562s
H33924 16114                     -60.2521414  922.79939  1632%   394  562s
 33924 16345  858.49892   34  166  -60.25214  922.75631  1631%   394  566s
 34556 16623     cutoff   40       -60.25214  921.96324  1630%   395  570s
 35800 17164  771.58300   38  156  -60.25214  919.88605  1627%   397  577s
 36482 17419  821.75293   34  188  -60.25214  918.39406  1624%   397  580s
 37656 18017  857.49664   32  145  -60.25214  916.45048  1621%   398  588s
 38372 18237  773.94378   39  194  -60.25214  915.77263  1620%   399  591s
H39725 18460                     -60.2520605  913.69898  1616%   398  594s
 39725 19129  517.77254   44  293  -60.25206  913.69898  1616%   398  603s
 40573 19124  687.13010   40  298  -60.25206  910.82077  1612%   400  608s
 40916 19613     cutoff   71       -60.25206  910.82077  1612%   401  614s
 41663 19894     cutoff   77       -60.25206  908.85168  1608%   401  620s
 42071 20335  469.43983   52  396  -60.25206  907.93873  1607%   401  626s
 42587 20797  673.26604   54  428  -60.25206  907.68097  1606%   402  633s
 43156 21246  670.21328   34  291  -60.25206  907.68067  1606%   405  639s
 43724 21595  178.80014   73  248  -60.25206  906.18301  1604%   407  647s
 44163 22308  511.69321   58  340  -60.25206  905.50926  1603%   408  654s
 44996 22672  528.55891   48  352  -60.25206  904.83036  1602%   409  660s
 46141 23070  873.05276   32  160  -60.25206  903.77568  1600%   413  667s
 46681 23328     cutoff   36       -60.25206  903.11583  1599%   413  671s
 48041 23944  750.60206   36  135  -60.25206  901.23055  1596%   413  678s
 48983 23588  900.36414   28   68  -60.25206  900.36414  1594%   412  826s
 48989 23596  900.36414   30   66  -60.25206  900.36414  1594%   412  831s
 49007 23608  900.36414   32   67  -60.25206  900.36414  1594%   413  835s
 49028 23626  900.36414   33   67  -60.25206  900.36414  1594%   413  840s
 49064 23652  900.36414   36  108  -60.25206  900.36414  1594%   414  845s
 49116 23686  900.36414   40  144  -60.25206  900.36414  1594%   415  851s
 49150 23713  900.36414   42  161  -60.25206  900.36414  1594%   415  855s
 49222 23768  891.22468   45  187  -60.25206  900.36414  1594%   417  860s
 49327 23349  834.84865   53  218  -60.25206  900.36414  1594%   418  866s
 49534 23446  746.72186   78  214  -60.25206  900.36414  1594%   418  870s
 49667 23507  745.63099   98  195  -60.25206  900.36414  1594%   419  875s
 49925 23577  742.26663  139  152  -60.25206  900.36414  1594%   419  880s
 50265 23688  731.98855  212   78  -60.25206  900.36414  1594%   420  885s
 50492 23746  900.36414   44  131  -60.25206  900.36414  1594%   422  890s
 50796 23936  745.58031  161  144  -60.25206  900.36414  1594%   422  895s
 51105 24075  900.36414   41  131  -60.25206  900.36414  1594%   423  901s
 51400 24091  878.20349   39   85  -60.25206  900.36414  1594%   423  905s
 51668 24144  900.36414   42  152  -60.25206  900.36414  1594%   425  911s
 51853 24176  875.15736   45  119  -60.25206  900.36414  1594%   426  917s
 51959 24202  900.36414   35   72  -60.25206  900.36414  1594%   427  920s
 52205 24201  734.51672   49  212  -60.25206  900.36414  1594%   429  925s
H52405 24135                     -59.1738292  900.36414  1622%   429  925s
 52405 24834  160.34128   71  463  -59.17383  900.19410  1621%   429  935s
 53299 25370  737.47547   32  296  -59.17383  899.00899  1619%   430  942s
 53897 25691     cutoff   84       -59.17383  898.58267  1619%   432  948s
 54294 26379  481.26039   48  303  -59.17383  898.47145  1618%   433  956s
 55423 24919  862.22030   20  189  -59.17383  862.22030  1557%   433 1685s
 55425 24923  862.22030   21  184  -59.17383  862.22030  1557%   433 1705s
 55429 24927  862.22030   22  182  -59.17383  862.22030  1557%   433 1722s
 55441 24935  862.22030   23  180  -59.17383  862.22030  1557%   433 1733s
 55447 24939  862.22030   24  182  -59.17383  862.22030  1557%   433 1739s
 55453 24946  862.22030   24  179  -59.17383  862.22030  1557%   433 1742s
 55462 24952  862.22030   25  195  -59.17383  862.22030  1557%   433 1746s
 55479 24962  862.22030   26  206  -59.17383  862.22030  1557%   434 1750s
 55494 24974  862.22030   27  176  -59.17383  862.22030  1557%   434 1757s
 55503 24983  862.22030   28  189  -59.17383  862.22030  1557%   434 1761s
 55523 24994  862.22030   29  159  -59.17383  862.22030  1557%   434 1767s
 55533 25003  862.22030   30  174  -59.17383  862.22030  1557%   434 1770s
 55560 25020  862.22030   31  163  -59.17383  862.22030  1557%   434 1777s
 55571 25027  862.22030   32  207  -59.17383  862.22030  1557%   434 1782s
 55582 25039  862.22030   32  204  -59.17383  862.22030  1557%   435 1785s
 55598 25054  840.62045   33  197  -59.17383  862.22030  1557%   435 1791s
 55618 25068  862.22030   35  206  -59.17383  862.22030  1557%   435 1795s
 55639 25082  839.29099   36  204  -59.17383  862.22030  1557%   435 1800s
 55677 25103  862.22030   39  219  -59.17383  862.22030  1557%   435 1807s
 55693 25116  862.22030   40  220  -59.17383  862.22030  1557%   435 1812s
 55712 25128  851.34280   41  233  -59.17383  862.22030  1557%   436 1816s
 55730 25138  851.19015   43  235  -59.17383  862.22030  1557%   436 1825s
 55746 25152  850.87510   45  238  -59.17383  862.22030  1557%   436 1831s
 55765 25172  849.35946   46  245  -59.17383  862.22030  1557%   436 1835s
 55792 25195  846.61630   47  247  -59.17383  862.22030  1557%   437 1840s
 55824 25208  804.26079   51  260  -59.17383  862.22030  1557%   437 1846s
 55847 25233  486.69113   52  251  -59.17383  862.22030  1557%   437 1852s
 55880 25247  750.92809   55  256  -59.17383  862.22030  1557%   438 1862s
 55905 25274  778.05340   58  280  -59.17383  862.22030  1557%   438 1868s
 55940 25313  724.76099   61  297  -59.17383  862.22030  1557%   439 1877s
 55991 25344  675.21735   62  294  -59.17383  862.22030  1557%   439 1884s
 56039 25376  620.08241   67  323  -59.17383  862.22030  1557%   440 1890s
 56087 25397  650.56640   71  360  -59.17383  862.22030  1557%   440 1899s
 56124 25465  605.39776   73  370  -59.17383  862.22030  1557%   441 1905s
 56205 25514  554.16228   83  382  -59.17383  862.22030  1557%   441 1912s
 56284 25580  461.34739   89  389  -59.17383  862.22030  1557%   442 1918s
 56382 25602  192.68865   99  554  -59.17383  862.22030  1557%   443 1924s
 56480 25605  164.23567  106  558  -59.17383  862.22030  1557%   444 1930s
 56583 25628  862.22030   29  194  -59.17383  862.22030  1557%   445 1937s
 56647 25655  862.22030   33  228  -59.17383  862.22030  1557%   445 1944s
 56696 25698  862.22030   41  223  -59.17383  862.22030  1557%   446 1950s
 56755 25747  862.22030   49  229  -59.17383  862.22030  1557%   446 1958s
 56844 25793  634.54251   64  275  -59.17383  862.22030  1557%   447 1968s
 56950 25804  291.70645   82  426  -59.17383  862.22030  1557%   448 1976s
 57028 25830  862.22030   27  198  -59.17383  862.22030  1557%   449 1986s
 57080 25906  862.22030   34  209  -59.17383  862.22030  1557%   449 1994s
 57174 25950  853.09937   42  268  -59.17383  862.22030  1557%   450 2004s
 57283 26016  638.83845   55  275  -59.17383  862.22030  1557%   451 2013s
 57396 26057  437.48555   69  257  -59.17383  862.22030  1557%   452 2025s
 57491 26127  862.22030   29  187  -59.17383  862.22030  1557%   453 2036s
 57616 26165  862.22030   34  207  -59.17383  862.22030  1557%   454 2047s
 57698 26224  862.22030   39  234  -59.17383  862.22030  1557%   455 2057s
 57792 26239  763.52394   50  288  -59.17383  862.22030  1557%   456 2073s
 57871 26318  790.36866   51  298  -59.17383  862.22030  1557%   457 2085s
 58009 26386  780.29444   60  333  -59.17383  862.22030  1557%   458 2104s
 58133 26499  643.20825   70  356  -59.17383  862.22030  1557%   460 2116s
 58308 26497     cutoff   99       -59.17383  862.22030  1557%   461 2128s
 58445 26568  849.27876   46  213  -59.17383  862.22030  1557%   462 2143s
 58572 25957  601.44268   68  288  -59.17383  862.22030  1557%   463 2159s
 58800 25978  862.22030   35  198  -59.17383  862.22030  1557%   465 2176s
 58929 26108  824.59044   49  277  -59.17383  862.22030  1557%   466 2195s
 59148 26167  516.14143   64  308  -59.17383  862.22030  1557%   468 2216s
H59330 26106                     -59.1706745  862.22030  1557%   469 2216s
 59460 25376  833.81900   45  128  -59.17067  862.22030  1557%   471 2223s
 59628 25371  819.85415   42   93  -59.17067  862.22030  1557%   472 2227s
 59783 25366     cutoff   53       -59.17067  862.22030  1557%   473 2232s
 59891 25407  862.22030   42  183  -59.17067  862.22030  1557%   474 2236s
 60049 25456  768.68762   37   95  -59.17067  862.22030  1557%   475 2241s
 60237 25498  862.22030   39   74  -59.17067  862.22030  1557%   476 2247s
 60448 25565  783.05191   43  126  -59.17067  862.22030  1557%   477 2252s
 60695 25597  693.67829   49  196  -59.17067  862.22030  1557%   478 2257s
 60940 25609  850.81632   44  148  -59.17067  862.22030  1557%   480 2310s
 61128 25267     cutoff   55       -59.17067  862.22030  1557%   481 2315s
 61463 25284  862.22030   37   76  -59.17067  862.22030  1557%   482 2320s
 61714 25333  760.44731   43   84  -59.17067  862.22030  1557%   483 2326s
 62004 25368  816.11958   40  115  -59.17067  862.22030  1557%   485 2333s
 62235 25444  858.47448   36  120  -59.17067  862.22030  1557%   486 2339s
 62520 25507  809.10982   36   88  -59.17067  862.22030  1557%   488 2346s
 62838 25575  854.95452   35   83  -59.17067  862.22030  1557%   489 2352s
 63115 25706  862.22030   39   98  -59.17067  862.22030  1557%   491 2360s
 63480 25755  721.06102   54  208  -59.17067  862.22030  1557%   493 2367s
 63807 25847     cutoff   53       -59.17067  862.22030  1557%   495 2375s
 64194 25914  746.83494   51  148  -59.17067  862.22030  1557%   497 2383s
 64556 26009  810.95326   40  134  -59.17067  862.22030  1557%   499 2391s
 64924 26096  862.22030   40  119  -59.17067  862.22030  1557%   501 2400s
 65366 26179  737.55993   43  117  -59.17067  862.22030  1557%   502 2409s
 65769 26277  826.58044   42  126  -59.17067  862.22030  1557%   505 2418s
 66254 26381  724.46172   51  111  -59.17067  862.22030  1557%   506 2427s
 66779 26429  718.12778   49  153  -59.17067  862.22030  1557%   508 2437s
 67251 26527  862.22030   38   96  -59.17067  862.22030  1557%   510 2447s
 67722 26617  850.48290   43  129  -59.17067  862.22030  1557%   512 2457s
 68230 26734  823.10898   45  168  -59.17067  862.22030  1557%   514 2468s
H68856 26525                     -57.9392914  862.22030  1588%   516 2468s
 68856 26691  204.15359   41  168  -57.93929  862.22030  1588%   516 2486s
 69088 26742  862.22030   40  242  -57.93929  862.22030  1588%   518 2509s
 69236 26881  760.08225   59  307  -57.93929  862.22030  1588%   519 2525s
 69464 26914  134.98907   91  487  -57.93929  862.22030  1588%   521 2540s
 69637 27070  799.89866   50  266  -57.93929  862.22030  1588%   522 2557s
 69865 27205  862.22030   39  218  -57.93929  862.22030  1588%   524 2573s
 70095 27134  613.14073   60  296  -57.93929  862.22030  1588%   525 2916s
 70101 27366  609.20571   61  282  -57.93929  862.22030  1588%   525 2931s
 70378 26662  689.49885   39  184  -57.93929  862.22030  1588%   527 2949s
 70560 26733  544.18957   58  216  -57.93929  862.22030  1588%   528 2971s
 70756 26910  471.34141   39  229  -57.93929  862.22030  1588%   529 2990s
 71023 27081  783.10486   52  281  -57.93929  862.22030  1588%   530 3010s
 71331 27198  862.22030   44  275  -57.93929  862.22030  1588%   532 3030s
 71621 27344  558.28812   37  217  -57.93929  862.22030  1588%   534 3052s
 71919 27510  300.90800   50  262  -57.93929  862.22030  1588%   536 3074s
 72275 27661  629.84961   56  235  -57.93929  862.22030  1588%   538 3096s
 72619 27830  494.44140   68  265  -57.93929  862.22030  1588%   539 3119s
 72991 28008  175.91986   72  375  -57.93929  862.22030  1588%   541 3142s
 73348 28194  169.11490   82  383  -57.93929  862.22030  1588%   542 3165s
 73761 28324 infeasible   85       -57.93929  862.22030  1588%   544 3191s
 74121 28527  862.22030   49  262  -57.93929  862.22030  1588%   546 3218s
 74537 28639  444.74594   42  182  -57.93929  862.22030  1588%   548 3248s
 74853 28896  862.22030   45  239  -57.93929  862.22030  1588%   549 3277s
 75318 28911  626.48013   51  293  -57.93929  862.22030  1588%   551 3317s
 75540 29136  658.34296   57  262  -57.93929  862.22030  1588%   552 3348s
 76029 29235  202.86394   85  414  -57.93929  862.22030  1588%   555 3387s
 76532 29530  862.22030   40  277  -57.93929  862.22030  1588%   557 3432s
 77047 29730  489.83459   83  433  -57.93929  862.22030  1588%   559 3477s
 77550 30181  820.03067   34  206  -57.93929  862.22030  1588%   562 3554s
H78256 29946                     -57.9392725  862.22030  1588%   565 3554s
 78256 30230  797.43153   40  101  -57.93927  862.22030  1588%   565 3565s
 78864 30278  851.22069   42  161  -57.93927  862.22030  1588%   567 3576s
 79392 30250  835.61783   45  142  -57.93927  862.22030  1588%   569 3587s
 79963 30307  765.17619   52  204  -57.93927  862.22030  1588%   571 3599s
 80554 30370  752.47454   45  166  -57.93927  862.22030  1588%   572 3611s
 81164 30434  821.84292   44  118  -57.93927  862.22030  1588%   574 3623s
 81807 30511  859.17180   41  128  -57.93927  862.22030  1588%   575 3634s
 82399 30825     cutoff   50       -57.93927  862.22030  1588%   577 3646s
 83285 30732     cutoff   48       -57.93927  862.22030  1588%   577 3657s
 83907 30811  752.95233   48  155  -57.93927  862.22030  1588%   578 3669s
 84504 30822     cutoff   49       -57.93927  862.22030  1588%   579 3680s
 85045 30913  708.97752   49  195  -57.93927  862.22030  1588%   581 3691s
 85634 31026  788.58696   47  199  -57.93927  862.22030  1588%   582 3703s
 86348 31092  817.93109   39  116  -57.93927  862.22030  1588%   583 3714s
 86958 31189  862.22030   42  143  -57.93927  862.22030  1588%   584 3726s
 87590 31241     cutoff   54       -57.93927  862.22030  1588%   585 3738s
 88134 31290     cutoff   51       -57.93927  862.22030  1588%   586 3749s
 88652 31410     cutoff   51       -57.93927  862.22030  1588%   588 3760s
 89231 31572     cutoff   50       -57.93927  862.22030  1588%   589 3772s
 89919 32281  862.22030   33  204  -57.93927  862.22030  1588%   590 3826s
 90821 32293  124.07472   45  210  -57.93927  862.22030  1588%   592 3862s
 91236 32636  358.65320   82  373  -57.93927  862.22030  1588%   594 3902s
 91823 32882  634.93737   49  233  -57.93927  862.22030  1588%   596 3944s
 92337 33416  495.65531   80  468  -57.93927  862.22030  1588%   599 3985s
 93086 33590  424.50999   59  338  -57.93927  862.22030  1588%   602 4026s
 93653 33848  758.15921   56  310  -57.93927  862.22030  1588%   605 4069s
 94167 34287  776.66164   50  254  -57.93927  862.22030  1588%   607 4112s
 94941 34525     cutoff   70       -57.93927  862.22030  1588%   609 4154s
 95573 34357  808.37661   54  316  -57.93927  862.22030  1588%   611 4192s
 95632 34832  776.19594   58  323  -57.93927  862.22030  1588%   611 4241s
 96215 35205  862.22030   39  232  -57.93927  862.22030  1588%   613 4282s
 96881 35432  271.35472   92  465  -57.93927  862.22030  1588%   616 4323s
 97464 35722     cutoff   60       -57.93927  862.22030  1588%   618 4364s
 98147 35975  428.05932   52  286  -57.93927  862.22030  1588%   620 4406s
 98759 36167  703.22842   50  234  -57.93927  862.22030  1588%   622 4460s
 99406 36423  792.54824   52  305  -57.93927  862.22030  1588%   624 4515s
 100012 36634  768.05207   51  278  -57.93927  862.22030  1588%   625 4569s
 100668 36874  206.31898   92  440  -57.93927  862.22030  1588%   627 4627s
 101205 37161  505.04976   85  420  -57.93927  862.22030  1588%   629 4677s
 101823 37229     cutoff   46       -57.93927  862.22030  1588%   630 4690s
 102430 37552  812.19486   38  122  -57.93927  862.22030  1588%   631 4703s
 103053 37796     cutoff   46       -57.93927  862.22030  1588%   632 4716s
 103651 38253  813.09696   41  124  -57.93927  862.22030  1588%   633 4729s
 104442 38548  695.67420   53  104  -57.93927  862.22030  1588%   633 4742s
 105066 38945  862.22030   36   81  -57.93927  862.22030  1588%   634 4756s
 105733 39207  831.40947   37   94  -57.93927  862.22030  1588%   634 4768s
 106204 39458  746.61615   50  185  -57.93927  862.22030  1588%   635 4781s
 106961 39777  862.22030   40   88  -57.93927  862.22030  1588%   636 4794s
 107598 39935  812.17703   42  139  -57.93927  862.22030  1588%   637 4806s
 108288 40282  710.44342   48  156  -57.93927  862.22030  1588%   638 4818s
 109008 40586  851.31209   39   84  -57.93927  862.22030  1588%   638 4831s
 109602 40892  840.33628   41  144  -57.93927  862.22030  1588%   639 4843s
 110202 41152  768.32682   45  168  -57.93927  862.22030  1588%   640 4856s
 110814 41423  816.07191   41  104  -57.93927  862.22030  1588%   641 4870s
 111408 41696  759.02665   49  184  -57.93927  862.22030  1588%   641 4882s
 112083 42073  833.54341   45   92  -57.93927  862.22030  1588%   642 4895s
 112795 42381 infeasible   54       -57.93927  862.22030  1588%   643 4908s
 113542 42453  833.97409   44  134  -57.93927  862.22030  1588%   643 4952s
 113761 42767  814.02971   45  138  -57.93927  862.22030  1588%   643 4966s
 114429 43002  780.41739   38   97  -57.93927  862.22030  1588%   644 4978s
 115147 43222  750.65602   53  203  -57.93927  862.22030  1588%   645 4992s
 115777 43524     cutoff   50       -57.93927  862.22030  1588%   645 5006s
 116448 43801  759.75388   46  189  -57.93927  862.22030  1588%   646 5020s
H117129 43801                     -57.5837814  862.22030  1597%   647 5020s
 117129 44364  227.91520   83  393  -57.58378  862.22030  1597%   647 5070s
 118031 44461     cutoff   89       -57.58378  862.22030  1597%   649 5107s
 118544 44757  161.83977   91  575  -57.58378  862.22030  1597%   650 5157s
 119147 44908  205.26804   85  385  -57.58378  862.22030  1597%   651 5203s
 119603 45287  772.42814   54  323  -57.58378  862.22030  1597%   652 5255s
 120261 45590  862.22030   42  296  -57.58378  862.22030  1597%   654 5308s
 120912 45841  116.96393   91  484  -57.58378  862.22030  1597%   655 5363s
 121462 46142  513.91925   82  403  -57.58378  862.22030  1597%   656 5412s
 122028 46475  847.38840   55  362  -57.58378  862.22030  1597%   658 5462s
 122686 46801  793.22171   54  328  -57.58378  862.22030  1597%   659 5513s
 123321 47054  467.81290   43  225  -57.58378  862.22030  1597%   660 5561s
 123916 47367  862.22030   37  249  -57.58378  862.22030  1597%   662 5614s
 124515 47728  802.27434   58  249  -57.58378  862.22030  1597%   663 5664s
 125178 47758  233.59468   94  480  -57.58378  862.22030  1597%   664 5712s
 125577 48093  537.18902   66  329  -57.58378  862.22030  1597%   665 5765s
 126206 48395  856.79701   46  237  -57.58378  862.22030  1597%   667 5817s
 126824 48837  379.60062   90  417  -57.58378  862.22030  1597%   668 5864s
 127597 49153  133.39934   92  415  -57.58378  862.22030  1597%   669 5917s
 128274 49321  423.66790   81  390  -57.58378  862.22030  1597%   670 5968s
 128908 49658  653.81804   67  391  -57.58378  862.22030  1597%   671 6017s
 129517 49921  803.46448   41  230  -57.58378  862.22030  1597%   672 6064s
 130099 50267  130.97926   93  452  -57.58378  862.22030  1597%   674 6128s
 130828 50524  482.09485   77  427  -57.58378  862.22030  1597%   675 6184s
 131441 50794  859.53421   37  219  -57.58378  862.22030  1597%   676 6234s
 132057 51059  157.26061   82  339  -57.58378  862.22030  1597%   677 6286s
 132719 51330  783.81882   49  178  -57.58378  862.22030  1597%   679 6300s
 133425 51677  766.91355   45  178  -57.58378  862.22030  1597%   679 6313s
 134147 52011  768.38109   50  144  -57.58378  862.22030  1597%   680 6326s
 134793 52348  705.30856   57  207  -57.58378  862.22030  1597%   680 6340s
 135504 52661  767.24814   46  167  -57.58378  862.22030  1597%   681 6353s
 136240 52932  800.50067   47  147  -57.58378  862.22030  1597%   682 6366s
 137009 53224  845.46591   40   80  -57.58378  862.22030  1597%   682 6379s
 137596 53460     cutoff   51       -57.58378  862.22030  1597%   683 6391s
 138220 53753  710.63674   52  212  -57.58378  862.22030  1597%   683 6404s
 138900 54282  698.51792   50  180  -57.58378  862.22030  1597%   684 6416s
 139787 54616  765.27773   45  130  -57.58378  862.22030  1597%   683 6429s
 140530 54880  842.25065   43  131  -57.58378  862.22030  1597%   683 6441s
 141129 55192  699.32572   48  183  -57.58378  862.22030  1597%   684 6454s
 141805 55532  840.45031   40  112  -57.58378  862.22030  1597%   684 6466s
 142490 55804  759.79724   46  122  -57.58378  862.22030  1597%   685 6479s
 143201 56092  862.11497   42  111  -57.58378  862.22030  1597%   685 6491s
 143922 56407  749.02177   46  158  -57.58378  862.22030  1597%   685 6505s
 144771 56650     cutoff   50       -57.58378  862.22030  1597%   686 6516s
 145282 56887  789.14230   38   97  -57.58378  862.22030  1597%   686 6529s
 145908 57226     cutoff   48       -57.58378  862.22030  1597%   686 6541s
 146732 57475  745.97064   46  130  -57.58378  862.22030  1597%   686 6553s
 147399 57727     cutoff   50       -57.58378  862.22030  1597%   686 6565s
 148062 58103  802.02327   40  104  -57.58378  862.22030  1597%   687 6577s
 148757 58337  720.65888   53  175  -57.58378  862.22030  1597%   687 6589s
 149387 58640  752.16480   49  186  -57.58378  862.22030  1597%   687 6600s
 150143 58782  697.94235   52  175  -57.58378  862.22030  1597%   687 6612s
 150843 58969  860.85008   39  110  -57.58378  862.22030  1597%   687 6624s
 151452 59225  817.60714   44  147  -57.58378  862.22030  1597%   688 6636s
 152085 59402  743.08599   46  150  -57.58378  862.22030  1597%   688 6648s
 152742 59954  551.89875   65  338  -57.58378  862.22030  1597%   688 6696s
 153452 60417  861.35854   43  266  -57.58378  862.22030  1597%   689 6749s
 154012 60900  303.50001   86  459  -57.58378  862.22030  1597%   690 6806s
 154662 61361  839.17555   40  232  -57.58378  862.22030  1597%   691 6860s
 155286 61819  842.81799   37  218  -57.58378  862.22030  1597%   692 6914s
 155863 62243  489.95960   67  357  -57.58378  862.22030  1597%   692 6972s
 156416 62747  142.35389   59  297  -57.58378  862.22030  1597%   693 7029s
 157069 63346  411.12773   79  436  -57.58378  862.22030  1597%   694 7085s
 157806 63819  850.92539   49  273  -57.58378  862.22030  1597%   695 7142s
 158420 64229  674.31928   51  244  -57.58378  862.22030  1597%   696 7197s
 158963 64832  862.22030   47  329  -57.58378  862.22030  1597%   697 7255s
 159607 65331  316.73367   85  479  -57.58378  862.22030  1597%   697 7310s
 160234 65767  339.95440   75  413  -57.58378  862.22030  1597%   698 7365s
 160904 66231  862.22030   39  248  -57.58378  862.22030  1597%   699 7420s
 161512 66711  211.08837   91  483  -57.58378  862.22030  1597%   700 7477s
 162146 67224     cutoff   85       -57.58378  862.22030  1597%   700 7532s
 162768 67640  712.09888   50  326  -57.58378  862.22030  1597%   701 7599s
 163334 68306     cutoff   53       -57.58378  862.22030  1597%   702 7671s
 164145 68675  738.56148   50  282  -57.58378  862.22030  1597%   703 7730s
 164623 69356  193.52273   82  392  -57.58378  862.22030  1597%   704 7793s
 165436 69778  602.24997   50  223  -57.58378  862.22030  1597%   704 7850s
 165973 70263  762.72059   58  306  -57.58378  862.22030  1597%   705 7910s
 166587 70791  818.44542   31  151  -57.58378  862.22030  1597%   706 7969s
 167212 71235  561.68334   77  451  -57.58378  862.22030  1597%   706 8027s
 167777 71647     cutoff   98       -57.58378  862.22030  1597%   708 8088s
 168359 72104  222.99919   54  208  -57.58378  862.22030  1597%   708 8146s
 168939 72526  274.03330   77  434  -57.58378  862.22030  1597%   709 8207s
 169512 72951  515.16468   81  384  -57.58378  862.22030  1597%   710 8265s
 170093 73396  727.52291   43  229  -57.58378  862.22030  1597%   711 8327s
 170666 73563  679.44438   58  318  -57.58378  862.22030  1597%   711 8390s
 170866 74066  673.38695   59  325  -57.58378  862.22030  1597%   712 8453s
 171514 74417  348.93289   70  304  -57.58378  862.22030  1597%   712 8516s
 171983 74833  813.28570   42  254  -57.58378  862.22030  1597%   713 8579s
 172500 75086     cutoff   48       -57.58378  862.22030  1597%   714 8593s
 173282 75345     cutoff   53       -57.58378  862.22030  1597%   714 8605s
 173934 75592     cutoff   49       -57.58378  862.22030  1597%   714 8616s
 174578 75848  710.22854   52  191  -57.58378  862.22030  1597%   714 8627s
 175265 76073  819.98215   43  115  -57.58378  862.22030  1597%   714 8640s
 175941 76349  697.86624   48  167  -57.58378  862.22030  1597%   714 8651s
 176629 76650  715.59216   53  171  -57.58378  862.22030  1597%   714 8665s
 177406 76835  748.84279   46  179  -57.58378  862.22030  1597%   715 8680s
 177969 77209     cutoff   49       -57.58378  862.22030  1597%   715 8696s
 178780 77410  743.73590   47  147  -57.58378  862.22030  1597%   714 8710s
 179377 77620  855.14074   35   87  -57.58378  862.22030  1597%   714 8725s
 179973 77839  711.22532   44  148  -57.58378  862.22030  1597%   714 8740s
 180648 77980  708.71223   46  138  -57.58378  861.97597  1597%   715 8756s
 181278 78197  742.79658   44  143  -57.58378  861.70925  1596%   715 8772s
 181933 78439  768.92549   47  170  -57.58378  861.27470  1596%   715 8788s
 182539 78682     cutoff   48       -57.58378  861.04814  1595%   715 8804s
 183134 78903  785.37413   44   94  -57.58378  860.63056  1595%   715 8819s
 183713 79112  796.97969   42   93  -57.58378  860.35482  1594%   715 8836s
 184430 79314  728.00413   47  109  -57.58378  859.99085  1593%   715 8851s
 185080 79543  704.54532   49  212  -57.58378  859.48023  1593%   715 8867s
 185719 79853     cutoff   48       -57.58378  859.12673  1592%   716 8883s
 186404 80001  710.14010   50  168  -57.58378  858.90832  1592%   716 8899s
 187106 80195  715.64236   46   92  -57.58378  858.59506  1591%   716 8915s
 187659 80421  707.94041   49  200  -57.58378  858.43636  1591%   716 8930s
 188318 80711  784.93112   43  114  -57.58378  857.89991  1590%   716 8947s
 188999 80909  696.66455   50  135  -57.58378  857.54242  1589%   716 8964s
 189646 81165     cutoff   48       -57.58378  857.27274  1589%   716 8981s
 190362 81366     cutoff   50       -57.58378  856.96020  1588%   716 8998s
 191012 81643     cutoff   48       -57.58378  856.57641  1588%   716 9014s
 191594 81924  812.53954   43  149  -57.58378  856.27528  1587%   717 9032s
 192251 82135  706.72656   50  153  -57.58378  856.09795  1587%   717 9049s
 193011 82395  848.28276   42  103  -57.58378  855.58758  1586%   717 9066s
 193738 82657  722.43710   51  212  -57.58378  855.24889  1585%   717 9083s
 194440 82890  697.07582   51  141  -57.58378  855.08135  1585%   718 9100s
 195120 83117  776.93629   44  116  -57.58378  854.68784  1584%   718 9117s
 195711 83370  716.29339   52  195  -57.58378  854.55352  1584%   718 9133s
 196372 83648  775.64189   44  200  -57.58378  854.13244  1583%   718 9150s
 197060 83927     cutoff   50       -57.58378  853.82226  1583%   718 9166s
 197749 84158     cutoff   51       -57.58378  853.45348  1582%   718 9183s
 198464 84776  364.81316   66  268  -57.58378  853.03117  1581%   718 9231s
 199156 85165  371.82585   85  469  -57.58378  853.03117  1581%   719 9270s
 199661 85664  813.79991   35  183  -57.58378  853.03117  1581%   720 9312s
 200304 86142  355.27622   61  266  -57.58378  853.03117  1581%   721 9356s
 200866 86706  474.49692   76  468  -57.58378  853.03117  1581%   722 9399s
 201552 87262  681.07358   45  209  -57.58378  853.03117  1581%   722 9444s
 202238 87650  146.49373   84  514  -57.58378  853.03117  1581%   723 9486s
 202691 88213  367.90366   82  382  -57.58378  853.03117  1581%   724 9536s
 203395 88679     cutoff   64       -57.58378  853.03117  1581%   725 9579s
 204007 89201  488.85062   67  285  -57.58378  853.03117  1581%   725 9621s
 204686 89694  202.88092   66  371  -57.58378  853.03117  1581%   726 9663s
 205327 90165  465.75269   65  191  -57.58378  853.03117  1581%   726 9705s
 205908 90628  523.06254   32  197  -57.58378  853.03117  1581%   727 9749s
 206442 91010  356.04804   74  315  -57.58378  853.03117  1581%   727 9794s
 207139 91425  843.78895   30  221  -57.58378  853.03117  1581%   728 9841s
 207628 91943  583.37138   73  393  -57.58378  853.03117  1581%   728 9883s
 208294 92364  606.31288   51  199  -57.58378  853.03117  1581%   729 9926s
 208836 92900  525.41840   60  373  -57.58378  853.03117  1581%   729 9970s
 209455 93418  476.83576   78  445  -57.58378  853.03117  1581%   730 10011s
 210180 93930  546.88586   63  373  -57.58378  853.03117  1581%   731 10054s
 210877 94422  467.28013   67  421  -57.58378  853.03117  1581%   731 10098s
 211455 94896  849.48538   39  247  -57.58378  853.03117  1581%   732 10144s
 212055 95476  467.94613   78  458  -57.58378  853.03117  1581%   732 10186s
 212768 95866  214.04632   59  180  -57.58378  853.03117  1581%   733 10242s
 213380 96409  677.53576   59  326  -57.58378  853.03117  1581%   733 10284s
 213996 96904  503.34181   81  459  -57.58378  853.03117  1581%   733 10327s
 214641 97372     cutoff   49       -57.58378  853.03117  1581%   734 10373s
 215388 97783  578.88887   55  292  -57.58378  853.03117  1581%   734 10415s
 215908 98226  667.18209   50  208  -57.58378  853.03117  1581%   735 10471s
 216476 98668  277.52217   78  385  -57.58378  853.03117  1581%   735 10526s
 217074 99059  846.65784   32  193  -57.58378  853.03117  1581%   736 10582s
 217552 99505  613.80962   64  283  -57.58378  853.03117  1581%   736 10640s
 218113 100030  825.43765   41  236  -57.58378  853.03117  1581%   736 10699s
 218721 100496  570.69377   72  386  -57.58378  853.03117  1581%   737 10759s
 219385 100904  579.50643   63  420  -57.58378  853.03117  1581%   737 10818s
 219909 101386  775.71969   39  235  -57.58378  853.03117  1581%   738 10876s
 220520 101831  387.43362   74  433  -57.58378  853.03117  1581%   738 10936s
 221023 102313  279.15065   83  470  -57.58378  853.03117  1581%   739 10993s
 221688 102780  621.01546   48  279  -57.58378  853.03117  1581%   739 11052s
 222291 103246  804.07922   40  221  -57.58378  853.03117  1581%   739 11115s
 222875 103669  398.44716   52  259  -57.58378  853.03117  1581%   740 11177s
 223605 104140  713.20689   49  251  -57.58378  853.03117  1581%   740 11236s
 224209 104380     cutoff   49       -57.58378  853.02037  1581%   741 11249s
 225050 104618     cutoff   50       -57.58378  852.84528  1581%   741 11260s
 225638 104842  714.45741   48  168  -57.58378  852.54550  1581%   741 11271s
 226248 105075     cutoff   54       -57.58378  852.30009  1580%   741 11283s
 226870 105363  760.39084   51  188  -57.58378  852.06237  1580%   741 11295s
 227504 105630  849.58543   40   97  -57.58378  851.68489  1579%   741 11308s
 228314 105870  712.25558   52  193  -57.58378  851.46853  1579%   741 11322s
 229070 106115  709.25929   49  155  -57.58378  851.23230  1578%   741 11335s
 229753 106356  769.63775   44  127  -57.58378  850.97019  1578%   741 11348s
 230504 106590  810.75891   43  105  -57.58378  850.77572  1577%   742 11360s
 231159 106782  758.44971   52  182  -57.58378  850.55734  1577%   742 11373s
 231842 107049  707.59378   48  192  -57.58378  850.31463  1577%   742 11386s
 232589 107357  794.49754   45  156  -57.58378  850.03425  1576%   742 11399s
 233263 107600  711.36864   47  141  -57.58378  849.90759  1576%   742 11412s
 234025 107818  721.97675   47  146  -57.58378  849.60266  1575%   742 11425s
 234631 107823     cutoff   50       -57.58378  849.41890  1575%   742 11477s
 234641 108028  698.29715   49  168  -57.58378  849.37631  1575%   742 11491s
 235315 108282     cutoff   52       -57.58378  849.18421  1575%   742 11504s
 236022 108497  796.57704   47  171  -57.58378  848.91643  1574%   742 11522s
 236731 108737     cutoff   47       -57.58378  848.71147  1574%   742 11540s
 237451 108989  778.61927   45  155  -57.58378  848.39353  1573%   742 11558s
 238143 109252  802.93649   46  149  -57.58378  848.21729  1573%   743 11577s
 238921 109585  758.33970   45  149  -57.58378  847.91353  1572%   743 11596s
 239763 109823  726.82213   47  145  -57.58378  847.80554  1572%   743 11614s
 240521 110097  733.70477   50  170  -57.58378  847.47839  1572%   743 11633s
 241378 110322  805.69611   47  147  -57.58378  847.30498  1571%   742 11652s
 242024 110604     cutoff   52       -57.58378  847.15930  1571%   742 11673s
 242808 110866     cutoff   48       -57.58378  846.90440  1571%   743 11692s
 243601 111193  772.71326   49  149  -57.58378  846.61362  1570%   743 11711s
 244441 111470  808.96238   40  114  -57.58378  846.36158  1570%   743 11729s
 245161 111795  703.65975   56  187  -57.58378  846.13903  1569%   743 11748s
 245983 112012  826.40580   41  129  -57.58378  845.92419  1569%   742 11766s
 246805 112262     cutoff   51       -57.58378  845.72065  1569%   742 11785s
 247518 112493  720.15519   49  126  -57.58378  845.46909  1568%   742 11803s
 248254 112727  782.31601   48  211  -57.58378  845.26698  1568%   742 11821s
 248977 113038     cutoff   51       -57.58378  845.09202  1568%   742 11839s
 249751 113237  696.57207   49  115  -57.58378  845.00416  1567%   742 11857s
 250649 113517  800.00126   36   85  -57.58378  844.70681  1567%   742 11874s
 251521 113668  785.58438   48  168  -57.58378  844.45704  1566%   742 11891s
 252219 113895     cutoff   54       -57.58378  844.24683  1566%   742 11908s
 252996 114146     cutoff   52       -57.58378  843.95520  1566%   742 11925s
 253705 114374 infeasible   51       -57.58378  843.81810  1565%   741 11942s
 254385 114598  737.84904   55  147  -57.58378  843.63981  1565%   742 11961s
 255045 114918  716.71513   48  100  -57.58378  843.29311  1564%   742 11984s
 255973 115149  724.02236   45  149  -57.58378  843.12141  1564%   742 12002s
 256720 115373  795.90069   44  143  -57.58378  842.83840  1564%   742 12021s
 257456 115649  789.29983   43  109  -57.58378  842.63662  1563%   742 12041s
 258210 116101  441.19951   68  314  -57.58378  842.49827  1563%   742 12099s
 258834 116613  757.92170   40  276  -57.58378  842.49827  1563%   742 12150s
 259588 117058  292.30830   76  391  -57.58378  842.49827  1563%   743 12197s
 260330 117586  561.77894   71  318  -57.58378  842.49827  1563%   743 12240s
 261057 118082  837.93309   45  271  -57.58378  842.49827  1563%   743 12282s
 261695 118715  800.18378   43  243  -57.58378  842.49827  1563%   744 12327s
 262420 119148     cutoff   99       -57.58378  842.49827  1563%   744 12365s
 263009 119575  825.01170   37  260  -57.58378  842.49827  1563%   745 12404s
 263541 120080  123.50868   90  443  -57.58378  842.49827  1563%   745 12445s
 264199 120652  688.13374   56  330  -57.58378  842.49827  1563%   745 12486s
 264841 121146  805.63977   39  238  -57.58378  842.49827  1563%   746 12530s
 265436 121578  236.96875   90  513  -57.58378  842.49827  1563%   746 12570s
 266027 122017  565.99844   54  244  -57.58378  842.49827  1563%   747 12609s
 266666 122431  161.77265   81  268  -57.58378  842.49827  1563%   747 12652s
 267189 122884  298.95636   57  257  -57.58378  842.49827  1563%   747 12703s
 267803 123311  223.30492   82  347  -57.58378  842.49827  1563%   748 12757s
 268389 123746  484.96473   73  341  -57.58378  842.49827  1563%   748 12810s
 268968 124276  491.59869   66  362  -57.58378  842.49827  1563%   748 12866s
 269659 124734  306.16046   71  304  -57.58378  842.49827  1563%   749 12920s
 270243 125262  251.66914   76  298  -57.58378  842.49827  1563%   749 12974s
 270869 125715  192.88863   81  304  -57.58378  842.49827  1563%   749 13031s
 271507 126097  477.45998   61  250  -57.58378  842.49827  1563%   749 13088s
 271984 126640  197.99473   83  520  -57.58378  842.49827  1563%   750 13145s
 272592 127114  256.84719   88  429  -57.58378  842.49827  1563%   750 13198s
 273234 127615  842.49827   35  212  -57.58378  842.49827  1563%   751 13252s
 273858 128066  698.57515   54  301  -57.58378  842.49827  1563%   751 13306s
 274501 128438  439.56736   70  332  -57.58378  842.49827  1563%   751 13366s
 275175 129003  593.22426   54  212  -57.58378  842.49827  1563%   752 13421s
 275864 129442     cutoff   66       -57.58378  842.49827  1563%   752 13474s
 276432 129740  789.11799   45  259  -57.58378  842.49827  1563%   752 13527s
 276951 130169  825.25931   37  223  -57.58378  842.49827  1563%   753 13584s
 277513 130657  759.15009   53  251  -57.58378  842.49827  1563%   753 13642s
 278153 131043  106.73026   83  429  -57.58378  842.49827  1563%   754 13700s
 278774 131407  670.76840   50  190  -57.58378  842.49827  1563%   754 13759s
 279367 131881  759.21807   47  233  -57.58378  842.49827  1563%   754 13818s
 279988 132359  196.61444   64  394  -57.58378  842.49827  1563%   755 13877s
 280647 132827  842.49827   34  204  -57.58378  842.49827  1563%   755 13936s
 281171 133365  558.89204   69  384  -57.58378  842.49827  1563%   755 13995s
 281845 133828  617.09253   46  229  -57.58378  842.49827  1563%   755 14052s
 282459 134347  842.49827   41  247  -57.58378  842.49827  1563%   756 14113s
 283069 134936  810.66657   57  315  -57.58378  842.49827  1563%   756 14170s
 283749 135332  222.60404   96  556  -57.58378  842.49827  1563%   757 14229s
 284281 135686  765.04522   41  200  -57.58378  842.49827  1563%   757 14292s
 284840 136205  828.86847   43  275  -57.58378  842.49827  1563%   757 14350s
 285498 136696  548.13595   58  259  -57.58378  842.49827  1563%   758 14410s
 286096 137237  464.31065   83  496  -57.58378  842.49827  1563%   758 14465s
 286780 137728  794.17849   40  267  -57.58378  842.49827  1563%   759 14528s
 287419 138227  122.79999   73  414  -57.58378  842.49827  1563%   759 14587s
 288083 138759  791.78096   41  234  -57.58378  842.49827  1563%   759 14646s
 288735 139235   97.12141   62  349  -57.58378  842.49827  1563%   760 14705s
 289397 139479  842.49827   35  246  -57.58378  842.49827  1563%   760 14778s
 289733 139832  514.08197   36  223  -57.58378  842.49827  1563%   760 14829s
 290272 140365  461.28327   79  433  -57.58378  842.49827  1563%   760 14894s
 291041 140823  654.03911   53  267  -57.58378  842.49827  1563%   760 14958s
 291642 141263  698.30701   52  219  -57.58378  842.49827  1563%   761 14972s
 292649 141493  761.53257   43  122  -57.58378  842.26161  1563%   760 14983s
 293380 141704  795.90834   44  129  -57.58378  842.14390  1562%   760 14994s
 293994 141966  811.53073   45  130  -57.58378  841.95875  1562%   760 15006s
 294706 142154  731.36135   49  199  -57.58378  841.78924  1562%   760 15018s
 295412 142358  730.00329   46  184  -57.58378  841.56934  1561%   760 15029s
 296010 142550     cutoff   54       -57.58378  841.43151  1561%   760 15041s
 296648 142756  702.30494   49  185  -57.58378  841.28747  1561%   760 15053s
 297353 142964  776.84356   47  117  -57.58378  841.11937  1561%   760 15065s
 297948 143183  788.48402   41  105  -57.58378  840.91413  1560%   760 15077s
 298631 143427     cutoff   47       -57.58378  840.68264  1560%   760 15090s
 299438 143683  784.51727   44  110  -57.58378  840.37952  1559%   760 15102s
 300182 143891  698.56981   47  183  -57.58378  840.16157  1559%   760 15115s
 300810 144108     cutoff   52       -57.58378  840.00068  1559%   760 15129s
 301529 144370  832.81380   44  150  -57.58378  839.87921  1559%   760 15145s
 302413 144576     cutoff   48       -57.58378  839.61184  1558%   760 15159s
 303199 144791  747.44288   48  143  -57.58378  839.46400  1558%   760 15174s
 303996 144995  787.76324   47  170  -57.58378  839.21711  1557%   760 15189s
 304912 145170  697.65465   46   76  -57.58378  839.02742  1557%   760 15202s
 305666 145377     cutoff   52       -57.58378  838.86423  1557%   760 15216s
 306400 145602  770.42212   51  169  -57.58378  838.69911  1556%   760 15230s
 307143 145848     cutoff   52       -57.58378  838.52205  1556%   760 15244s
 307936 146102     cutoff   54       -57.58378  838.26805  1556%   760 15258s
 308637 146418  707.38401   49  194  -57.58378  838.12266  1555%   760 15272s
 309467 146669  771.02824   42  141  -57.58378  837.93986  1555%   760 15286s
 310188 146893  713.09473   52  169  -57.58378  837.73595  1555%   760 15300s
 310920 147166  713.92905   45  156  -57.58378  837.54462  1554%   760 15315s
 311689 147430  707.30740   44   90  -57.58378  837.35874  1554%   760 15330s
 312502 147681  697.38434   45  120  -57.58378  837.24042  1554%   760 15344s
 313240 147963  729.38644   50  161  -57.58378  837.08393  1554%   760 15358s
 314062 148219  765.51566   48  139  -57.58378  836.85041  1553%   760 15373s
 314863 148424  733.18488   48  165  -57.58378  836.66540  1553%   760 15388s
 315655 148686     cutoff   51       -57.58378  836.54742  1553%   760 15402s
 316496 149243  788.79416   46  165  -57.58378  836.35544  1552%   760 15417s
 317533 149491  709.69419   56  211  -57.58378  836.20313  1552%   760 15432s
 318348 149771  703.64509   51  214  -57.58378  836.01908  1552%   760 15446s
 319120 150024  697.36983   46  198  -57.58378  835.87161  1552%   760 15460s
 319879 150318  810.30009   44  147  -57.58378  835.72601  1551%   760 15474s
 320696 150543  741.65712   51  198  -57.58378  835.56037  1551%   759 15488s
 321459 150798  808.96884   45  167  -57.58378  835.42229  1551%   759 15502s
 322256 151050  720.28408   48  204  -57.58378  835.26315  1551%   759 15517s
 323164 151361     cutoff   48       -57.58378  835.06025  1550%   759 15532s
 323936 151533  695.73369   53  211  -57.58378  834.91686  1550%   759 15547s
 324733 151767  785.90771   49  144  -57.58378  834.79997  1550%   759 15561s
 325462 152063     cutoff   48       -57.58378  834.64906  1549%   759 15576s
 326357 152342     cutoff   49       -57.58378  834.48715  1549%   759 15592s
 327253 152591  704.52783   48  176  -57.58378  834.33685  1549%   759 15608s
 328193 152800     cutoff   50       -57.58378  834.20985  1549%   759 15623s
 329043 153207     cutoff   49       -57.58378  834.08837  1548%   759 15638s
 330038 153387     cutoff   49       -57.58378  833.91544  1548%   759 15653s
 330987 153673  750.61021   54  191  -57.58378  833.81368  1548%   759 15668s
 331750 153891  738.23766   48  156  -57.58378  833.73103  1548%   759 15682s
 332545 154187  827.94634   40   84  -57.58378  833.57639  1548%   759 15697s
 333404 154404     cutoff   48       -57.58378  833.45115  1547%   759 15711s
 334254 154664     cutoff   56       -57.58378  833.36165  1547%   759 15725s
 335045 155136  294.94044   52  246  -57.58378  833.20771  1547%   758 15783s
 335674 155686  224.96519   71  317  -57.58378  833.20771  1547%   759 15842s
 336339 156243  121.48710   69  392  -57.58378  833.20771  1547%   759 15901s
 336969 156830  803.39633   43  213  -57.58378  833.20771  1547%   760 15956s
 337689 157311  205.24439   95  524  -57.58378  833.20771  1547%   760 16010s
 338328 157853  108.99348   80  403  -57.58378  833.20771  1547%   760 16064s
 339003 158322  549.56279   75  430  -57.58378  833.20771  1547%   760 16117s
 339641 158760  557.50957   55  305  -57.58378  833.20771  1547%   761 16171s
 340179 159189  129.87357   85  377  -57.58378  833.20771  1547%   761 16226s
 340820 159627  424.72771   74  288  -57.58378  833.20771  1547%   761 16280s
 341415 160101  503.07470   61  321  -57.58378  833.20771  1547%   761 16336s
 342046 160578  663.50715   67  326  -57.58378  833.20771  1547%   762 16390s
 342683 161039  484.95370   65  390  -57.58378  833.20771  1547%   762 16445s
 343268 161541  803.94486   40  227  -57.58378  833.20771  1547%   762 16502s
 343914 161986  514.94594   57  285  -57.58378  833.20771  1547%   762 16561s
 344479 162548     cutoff   95       -57.58378  833.20771  1547%   763 16628s
 345249 163086  515.91540   71  382  -57.58378  833.20771  1547%   763 16685s
 345953 163591  357.42254   67  282  -57.58378  833.20771  1547%   763 16744s
 346632 164219  823.73185   34  199  -57.58378  833.20771  1547%   763 16805s
 347297 164634  290.97431   94  425  -57.58378  833.20771  1547%   764 16861s
 347883 165132  811.68221   36  241  -57.58378  833.20771  1547%   764 16922s
 348526 165541  828.48700   52  308  -57.58378  833.20771  1547%   764 16979s
 349003 166084  724.59272   52  211  -57.58378  833.20771  1547%   764 17040s
 349658 166655  766.42240   53  290  -57.58378  833.20771  1547%   765 17097s
 350298 167146  138.28059   98  513  -57.58378  833.20771  1547%   765 17157s
 350939 167808  633.03026   52  356  -57.58378  833.20771  1547%   765 17215s
 351728 168313   93.92784   96  596  -57.58378  833.20771  1547%   766 17274s
 352407 168698  271.59050   62  277  -57.58378  833.20771  1547%   766 17331s
 352966 169186  618.86392   53  252  -57.58378  833.20771  1547%   766 17387s
 353592 169652  693.02182   39  221  -57.58378  833.20771  1547%   766 17443s
 354220 170169  458.26841   71  405  -57.58378  833.20771  1547%   766 17499s
 354904 170589  256.23182   83  430  -57.58378  833.20771  1547%   767 17556s
 355593 171011  808.11049   43  211  -57.58378  833.20771  1547%   767 17614s
 356162 171397  494.65823   71  460  -57.58378  833.20771  1547%   767 17673s
 356705 171894  116.43975   55  237  -57.58378  833.20771  1547%   767 17738s
 357319 172452  312.33465   87  456  -57.58378  833.20771  1547%   768 17802s
 358052 172925  740.00341   50  275  -57.58378  833.20771  1547%   768 17862s
 358709 173364  794.76375   40  280  -57.58378  833.20771  1547%   768 17920s
 359254 173706  436.19490   74  444  -57.58378  833.20771  1547%   768 17981s
 359943 174224  471.09879   70  363  -57.58378  833.20771  1547%   768 18039s
 360615 174764  771.42513   45  252  -57.58378  833.20771  1547%   769 18100s
 361379 175198  292.51294   76  407  -57.58378  833.20771  1547%   769 18158s
 361967 175686  652.05214   53  247  -57.58378  833.20771  1547%   769 18219s
 362591 176179  540.56894   64  324  -57.58378  833.20771  1547%   769 18276s
 363247 176648     cutoff   81       -57.58378  833.20771  1547%   769 18333s
 363844 177042  379.56283   73  272  -57.58378  833.20771  1547%   769 18394s
 364380 177529  229.95362   79  472  -57.58378  833.20771  1547%   770 18455s
 365001 178032  824.20256   44  273  -57.58378  833.20771  1547%   770 18518s
 365607 178540  462.09640   68  420  -57.58378  833.20771  1547%   770 18579s
 366271 179123   84.98479   66  374  -57.58378  833.20771  1547%   770 18644s
 366956 179659     cutoff   97       -57.58378  833.20771  1547%   771 18707s
 367580 180168  456.04779   86  365  -57.58378  833.20771  1547%   771 18766s
 368178 180625     cutoff   89       -57.58378  833.20771  1547%   771 18829s
 368770 181104  749.48164   49  281  -57.58378  833.20771  1547%   771 18894s
 369324 181566  214.22169   94  516  -57.58378  833.20771  1547%   772 18958s
 369941 182131  286.93650   60  300  -57.58378  833.20771  1547%   772 19028s
 370584 182649  644.72079   57  371  -57.58378  833.20771  1547%   772 19091s
 371286 183146  809.07626   45  271  -57.58378  833.20771  1547%   772 19154s
 371944 183556  819.27127   32  207  -57.58378  833.20771  1547%   773 19218s
 372490 184065  816.53564   46  278  -57.58378  833.20771  1547%   773 19286s
 373089 184592  561.01970   70  351  -57.58378  833.20771  1547%   773 19352s
 373711 185233  771.89110   46  300  -57.58378  833.20771  1547%   773 19415s
 374419 185624  754.05425   42  201  -57.58378  833.20771  1547%   773 19478s
 374930 186120  483.20535   77  387  -57.58378  833.20771  1547%   774 19544s
 375644 186564  575.80050   62  252  -57.58378  833.20771  1547%   774 19608s
 376317 187060  349.95326   64  244  -57.58378  833.20771  1547%   774 19672s
 376973 187542  441.06299   81  267  -57.58378  833.20771  1547%   774 19741s
 377554 188059  211.36126   85  487  -57.58378  833.20771  1547%   774 19809s
 378143 188593  255.30221   92  370  -57.58378  833.20771  1547%   774 19875s
 378831 188811  726.25695   49  160  -57.58378  833.20435  1547%   775 19890s
 379894 189009     cutoff   52       -57.58378  833.04016  1547%   774 19902s
 380609 189213  707.65864   49  156  -57.58378  832.93681  1546%   774 19915s
 381319 189539  750.81801   53  186  -57.58378  832.76718  1546%   774 19928s
 382130 189721  740.65285   49  126  -57.58378  832.65201  1546%   774 19941s
 382761 189967  739.89366   45  170  -57.58378  832.53145  1546%   774 19955s
 383505 190219     cutoff   52       -57.58378  832.39193  1546%   774 19969s
 384304 190556     cutoff   49       -57.58378  832.20468  1545%   774 19990s
 385333 190822  761.68806   44  116  -57.58378  832.04431  1545%   774 20008s
 386096 191045  755.79400   47  150  -57.58378  831.89373  1545%   774 20026s
 386995 191283  830.49546   42  118  -57.58378  831.73789  1544%   774 20045s
 387741 191491     cutoff   56       -57.58378  831.62703  1544%   774 20064s
 388512 191775  801.07660   44  140  -57.58378  831.50144  1544%   774 20083s
 389349 191976  733.42421   46  134  -57.58378  831.38575  1544%   774 20102s
 390117 192186  728.22700   49  156  -57.58378  831.26843  1544%   774 20121s
 390911 192450  805.84404   47  165  -57.58378  831.12275  1543%   773 20141s
 391795 192657     cutoff   48       -57.58378  831.00750  1543%   773 20161s
 392673 192912     cutoff   49       -57.58378  830.82364  1543%   773 20181s
 393763 193124 infeasible   51       -57.58378  830.70308  1543%   773 20201s
 394540 193398  731.61303   50  140  -57.58378  830.55674  1542%   773 20221s
 395586 193656  749.86989   51  174  -57.58378  830.44953  1542%   773 20241s
 396476 193922  736.41968   49  193  -57.58378  830.34703  1542%   772 20261s
 397406 194215  756.24139   50  210  -57.58378  830.23444  1542%   772 20284s
 398548 194492  769.80655   46  155  -57.58378  830.06336  1541%   772 20302s
 399413 194531     cutoff   52       -57.58378  829.97768  1541%   772 20398s
 399621 194856     cutoff   53       -57.58378  829.93689  1541%   772 20421s
 400690 195143     cutoff   46       -57.58378  829.78263  1541%   772 20444s
 401574 195423  776.08611   50  137  -57.58378  829.70172  1541%   771 20466s
 402519 195711  777.55154   38  128  -57.58378  829.54507  1541%   771 20489s
 403426 196023  721.86769   49  167  -57.58378  829.44933  1540%   771 20510s
 404337 196343  778.56674   47  135  -57.58378  829.33479  1540%   771 20531s
 405287 196571  723.81203   44  157  -57.58378  829.20134  1540%   771 20552s
 406210 196749  753.66841   44  144  -57.58378  829.06705  1540%   771 20572s
 407075 196996  722.02326   44  107  -57.58378  828.91830  1539%   771 20593s
 408006 197224  712.75689   45  152  -57.58378  828.73681  1539%   771 20614s
 408923 197436  749.67138   49  123  -57.58378  828.59850  1539%   771 20635s
 409945 197785     cutoff   49       -57.58378  828.46872  1539%   771 20657s
 410945 197979  747.30360   49  196  -57.58378  828.29623  1538%   770 20676s
 411809 198177  699.06319   55  188  -57.58378  828.17083  1538%   770 20696s
 412735 198385  757.04571   49  155  -57.58378  828.07709  1538%   770 20715s
 413518 198554  775.18888   45  116  -57.58378  827.90514  1538%   770 20736s
 414401 198775  765.66418   48  135  -57.58378  827.83263  1538%   770 20755s
 415255 198966  705.93490   57  242  -57.58378  827.67411  1537%   770 20775s
 416115 199285     cutoff   52       -57.58378  827.52234  1537%   770 20796s
 417075 199517  768.44831   43  129  -57.58378  827.46543  1537%   769 20815s
 417893 199779     cutoff   51       -57.58378  827.36576  1537%   769 20835s
 418802 200040     cutoff   50       -57.58378  827.19216  1537%   769 20855s
 419635 200244  735.24663   50  176  -57.58378  827.04779  1536%   769 20875s
 420451 200447  741.57698   44   97  -57.58378  826.91271  1536%   769 20894s
 421133 200698  750.46201   47  130  -57.58378  826.82108  1536%   769 20914s
 422030 200954     cutoff   49       -57.58378  826.65826  1536%   769 20935s
 422965 201216     cutoff   49       -57.58378  826.56966  1535%   769 20958s
 423993 201365  820.85747   40   83  -57.58378  826.37077  1535%   769 20978s
 424853 201590  755.01223   44  122  -57.58378  826.26206  1535%   769 20998s
 425656 201842  699.24214   47  175  -57.58378  826.18312  1535%   769 21019s
 426728 202100  747.92875   50  159  -57.58378  826.06774  1535%   768 21039s
 427519 202350  696.80381   52  211  -57.58378  825.94218  1534%   768 21060s
 428391 202569     cutoff   51       -57.58378  825.81817  1534%   768 21081s
H429307 202569                     -57.5837805  825.70294  1534%   768 21081s
 429307 203216  705.72072   48  273  -57.58378  825.70294  1534%   768 21128s
 430082 203684  343.03057   78  408  -57.58378  825.70294  1534%   768 21166s
 430662 204164  329.47626   73  238  -57.58378  825.70294  1534%   769 21205s
 431285 204516  665.92137   56  268  -57.58378  825.70294  1534%   769 21244s
 431795 205053  316.79007   70  419  -57.58378  825.70294  1534%   769 21284s
 432480 205343  640.70201   52  271  -57.58378  825.70294  1534%   769 21335s
 432870 206445  590.84271   66  343  -57.58378  825.70294  1534%   769 21407s
 434159 206864  247.58650   96  485  -57.58378  825.70294  1534%   770 21448s
 434740 207511  114.19451   96  482  -57.58378  825.70294  1534%   770 21493s
 435531 207969  342.36290   83  399  -57.58378  825.70294  1534%   770 21535s
 436154 208427  825.70294   42  271  -57.58378  825.70294  1534%   770 21577s
 436857 208863  465.55414   68  264  -57.58378  825.70294  1534%   770 21619s
 437520 209265  463.36515   72  439  -57.58378  825.70294  1534%   771 21660s
 438058 209760  784.97832   47  243  -57.58378  825.70294  1534%   771 21707s
 438639 210296  598.27442   67  416  -57.58378  825.70294  1534%   771 21750s
 439354 210791  769.61630   48  252  -57.58378  825.70294  1534%   771 21794s
 439957 211276  242.04278   78  414  -57.58378  825.70294  1534%   772 21846s
 440607 211819  825.70294   43  230  -57.58378  825.70294  1534%   772 21891s
 441306 212213  238.21109   95  444  -57.58378  825.70294  1534%   772 21932s
 441881 212696   90.87602   96  506  -57.58378  825.70294  1534%   772 21991s
 442599 213199  106.92162   68  367  -57.58378  825.70294  1534%   773 22049s
 443297 213612  329.52954   77  338  -57.58378  825.70294  1534%   773 22106s
 443794 214308  406.78484   74  343  -57.58378  825.70294  1534%   773 22162s
 444566 214842  608.31704   62  379  -57.58378  825.70294  1534%   773 22217s
 445208 215338  720.43131   49  309  -57.58378  825.70294  1534%   773 22276s
 445869 215950  825.70294   30  186  -57.58378  825.70294  1534%   773 22334s
 446559 216445  438.67102   75  392  -57.58378  825.70294  1534%   774 22391s
 447189 216981   86.63326   87  436  -57.58378  825.70294  1534%   774 22448s
 447903 217390     cutoff   82       -57.58378  825.70294  1534%   774 22502s
 448482 217798  646.34391   58  346  -57.58378  825.70294  1534%   774 22557s
 449133 218327  705.63328   39  177  -57.58378  825.70294  1534%   774 22616s
 449825 218871     cutoff   63       -57.58378  825.70294  1534%   774 22669s
 450497 219263 infeasible   94       -57.58378  825.70294  1534%   775 22724s
 451031 219798  768.70621   46  244  -57.58378  825.70294  1534%   775 22780s
 451625 220217  241.32590   95  450  -57.58378  825.70294  1534%   775 22837s
 452229 220867  456.35525   65  243  -57.58378  825.70294  1534%   775 22895s
 452973 221457  370.87082   95  507  -57.58378  825.70294  1534%   775 22951s
 453707 221902  765.93398   56  263  -57.58378  825.70294  1534%   775 23009s
 454366 222373  189.38084   83  486  -57.58378  825.70294  1534%   776 23067s
 455028 222867  286.68307   79  436  -57.58378  825.70294  1534%   776 23124s
 455688 223327  825.70294   50  300  -57.58378  825.70294  1534%   776 23180s
 456263 223690  266.73796   53  253  -57.58378  825.70294  1534%   776 23236s
 456971 224092  450.91030   63  320  -57.58378  825.70294  1534%   776 23291s
 457560 224554  789.01972   39  235  -57.58378  825.70294  1534%   776 23347s
 458168 225043  713.04279   42  193  -57.58378  825.70294  1534%   776 23411s
 458812 225460  643.65321   60  355  -57.58378  825.70294  1534%   776 23471s
 459380 225980  806.54342   44  270  -57.58378  825.70294  1534%   777 23537s
 460039 226653  716.02092   49  225  -57.58378  825.70294  1534%   777 23603s
 460874 227111  633.08564   53  321  -57.58378  825.70294  1534%   777 23661s
 461486 227571  825.70294   32  229  -57.58378  825.70294  1534%   777 23720s
 462089 228083  335.73157   73  380  -57.58378  825.70294  1534%   777 23780s
 462742 228506  825.70294   38  251  -57.58378  825.70294  1534%   777 23840s
 463278 229081  410.98023   67  289  -57.58378  825.70294  1534%   778 23902s
 463977 229597  199.71716   83  478  -57.58378  825.70294  1534%   778 23966s
 464597 230149  234.82709   80  461  -57.58378  825.70294  1534%   778 24030s
 465303 230556  165.58636   85  422  -57.58378  825.70294  1534%   778 24095s
 465866 231023  795.06417   36  209  -57.58378  825.70294  1534%   778 24159s
 466510 231524  574.17298   48  211  -57.58378  825.70294  1534%   778 24225s
 467146 232045  448.90484   67  341  -57.58378  825.70294  1534%   779 24288s
 467816 232525  397.50112   48  237  -57.58378  825.70294  1534%   779 24353s
 468452 233084  825.70294   35  190  -57.58378  825.70294  1534%   779 24420s
 469104 233579   74.80631   90  512  -57.58378  825.70294  1534%   779 24484s
 469742 234066  624.57482   57  242  -57.58378  825.70294  1534%   779 24547s
 470409 234622  735.91704   54  252  -57.58378  825.70294  1534%   779 24610s
 471105 235093  791.41658   47  269  -57.58378  825.70294  1534%   780 24670s
 471605 235849  247.15001   94  378  -57.58378  825.70294  1534%   780 24751s
 472520 236331  191.51801   99  562  -57.58378  825.70294  1534%   780 24814s
 473167 236802  793.26225   46  299  -57.58378  825.70294  1534%   780 24877s
 473883 237391   89.76910   86  382  -57.58378  825.70294  1534%   780 24944s
 474619 237343  737.83415   50  281  -57.58378  825.70294  1534%   780 25223s
 474625 237877  728.93716   51  289  -57.58378  825.70294  1534%   780 25287s
 475264 238534  608.83885   62  302  -57.58378  825.70294  1534%   780 25348s
 476034 238570  217.41057   85  478  -57.58378  825.70294  1534%   781 25405s
 476098 239013  210.43600   86  471  -57.58378  825.70294  1534%   781 25467s
 476730 239480  815.14674   45  268  -57.58378  825.70294  1534%   781 25531s
 477327 239940  142.17369   70  396  -57.58378  825.70294  1534%   781 25595s
 477928 240486  700.58806   58  337  -57.58378  825.70294  1534%   781 25658s
 478613 241013  190.77791   99  535  -57.58378  825.70294  1534%   781 25725s
 479253 241602  433.93141   67  357  -57.58378  825.70294  1534%   781 25791s
H479928 241602                     -56.4290514  825.70294  1563%   781 25791s
 479928 241888  700.94873   51  195  -56.42905  825.68451  1563%   781 25807s
 480951 242072     cutoff   50       -56.42905  825.55845  1563%   781 25821s
 481766 242327  706.27846   51  200  -56.42905  825.45789  1563%   781 25837s
 482718 242511  762.40064   49  178  -56.42905  825.31845  1563%   781 25852s
 483705 242808  730.24995   43   85  -56.42905  825.20374  1562%   781 25866s
 484714 243009  760.44998   46  173  -56.42905  825.10208  1562%   781 25880s
 485534 243236  809.80129   46  178  -56.42905  824.94598  1562%   781 25894s
 486434 243479  746.50380   49  191  -56.42905  824.86912  1562%   781 25911s
 487386 243655     cutoff   52       -56.42905  824.74155  1562%   781 25926s
 488252 243880  744.39607   48  146  -56.42905  824.62575  1561%   781 25942s
 489170 244112  786.62398   44  121  -56.42905  824.48892  1561%   781 25958s
 490177 244289     cutoff   54       -56.42905  824.38828  1561%   780 25973s
 491052 244529  811.55266   45  149  -56.42905  824.27321  1561%   780 25988s
 492015 244712     cutoff   51       -56.42905  824.12615  1560%   780 26003s
 492903 244938     cutoff   47       -56.42905  824.02999  1560%   780 26019s
 493913 245158     cutoff   55       -56.42905  823.86501  1560%   780 26034s
 494858 245402  823.12363   47  117  -56.42905  823.75356  1560%   780 26049s
 495737 245594  700.96934   48  120  -56.42905  823.63130  1560%   780 26064s
 496685 245857  710.10710   51  228  -56.42905  823.50815  1559%   780 26079s
 497569 246115     cutoff   49       -56.42905  823.35061  1559%   780 26094s
 498432 246422  752.54683   45  140  -56.42905  823.26180  1559%   780 26109s
 499517 246716  780.83674   43   91  -56.42905  823.11202  1559%   779 26128s
 500507 246947     cutoff   48       -56.42905  823.02054  1559%   779 26148s
 501377 247131  708.50350   49  133  -56.42905  822.89925  1558%   779 26168s
 502292 247403  750.88162   41  114  -56.42905  822.84072  1558%   779 26188s
 503198 247677     cutoff   48       -56.42905  822.69873  1558%   779 26208s
 504148 247859  700.85066   49  119  -56.42905  822.58829  1558%   779 26228s
 504997 248097     cutoff   48       -56.42905  822.50356  1558%   779 26248s
 505961 248357  748.30654   46  140  -56.42905  822.39281  1557%   778 26267s
 506868 248547     cutoff   55       -56.42905  822.30893  1557%   778 26287s
 507822 248794  770.55528   47  115  -56.42905  822.16764  1557%   778 26307s
 508742 249027  732.04974   53  132  -56.42905  822.04597  1557%   778 26326s
 509559 249194  738.79089   49  181  -56.42905  821.96260  1557%   778 26345s
 510389 249432  711.04985   49  160  -56.42905  821.85810  1556%   778 26365s
 511234 249687  721.09233   48  156  -56.42905  821.71655  1556%   778 26385s
 512113 250035  745.78749   45  125  -56.42905  821.61674  1556%   778 26408s
 513260 250186  779.27594   47  126  -56.42905  821.47983  1556%   778 26425s
 514049 250398  713.35565   51  180  -56.42905  821.39152  1556%   778 26443s
 514872 250601 infeasible   50       -56.42905  821.30198  1555%   777 26462s
 515742 250765  703.71385   49  156  -56.42905  821.20898  1555%   777 26480s
 516631 250913  771.99804   46  101  -56.42905  821.13418  1555%   777 26499s
 517465 251083  782.20793   42  121  -56.42905  821.04354  1555%   777 26519s
 518186 251278  713.03822   48  184  -56.42905  820.94206  1555%   777 26539s
 519070 251441  701.72975   50  177  -56.42905  820.83181  1555%   777 26558s
 519964 251668  814.77287   42  143  -56.42905  820.77387  1555%   777 26578s
 520897 251919     cutoff   50       -56.42905  820.67040  1554%   777 26597s
 521747 252121     cutoff   48       -56.42905  820.55997  1554%   777 26618s
 522620 252343  724.73855   47  155  -56.42905  820.46454  1554%   777 26638s
 523572 252527  699.44619   53  118  -56.42905  820.30449  1554%   777 26658s
 524401 252739     cutoff   49       -56.42905  820.17706  1553%   776 26678s
 525286 253003     cutoff   45       -56.42905  820.11827  1553%   776 26700s
 526302 253169     cutoff   51       -56.42905  819.89340  1553%   776 26720s
 527193 253362  783.18522   45  124  -56.42905  819.78321  1553%   776 26740s
 528023 253600  702.86866   42  169  -56.42905  819.67390  1553%   776 26760s
 528911 253836  737.31571   51  149  -56.42905  819.58917  1552%   776 26781s
 529869 254032  721.30527   47  138  -56.42905  819.45274  1552%   776 26800s
 530780 254522  418.16938   87  478  -56.42905  819.34192  1552%   776 26850s
 531456 255031  809.65528   51  265  -56.42905  819.34192  1552%   776 26895s
 532182 255486  381.46124   51  265  -56.42905  819.34192  1552%   776 26937s
 532815 255931  261.76893   63  337  -56.42905  819.34192  1552%   776 26979s
 533538 256402  731.71247   38  185  -56.42905  819.34192  1552%   777 27022s
 534193 256912  677.89181   56  299  -56.42905  819.34192  1552%   777 27063s
 534885 257477  767.69747   44  318  -56.42905  819.34192  1552%   777 27107s
 535679 257941  741.13703   47  258  -56.42905  819.34192  1552%   777 27144s
 536282 258391  615.89355   52  235  -56.42905  819.34192  1552%   777 27182s
 536895 258782  706.46769   53  314  -56.42905  819.34192  1552%   777 27226s
 537418 259234  819.34192   27  191  -56.42905  819.34192  1552%   777 27279s
 537988 259712  259.52486   78  345  -56.42905  819.34192  1552%   777 27335s
 538625 260123  262.57883   83  301  -56.42905  819.34192  1552%   777 27389s
 539179 260641  784.22431   44  243  -56.42905  819.34192  1552%   778 27446s
 539868 261162  366.02757   57  271  -56.42905  819.34192  1552%   778 27504s
 540578 261660  737.44612   55  306  -56.42905  819.34192  1552%   778 27561s
 541208 262187  247.87721   63  262  -56.42905  819.34192  1552%   778 27620s
 541896 262785  511.70356   70  401  -56.42905  819.34192  1552%   778 27677s
 542601 263255  201.66257   88  514  -56.42905  819.34192  1552%   778 27735s
 543163 263817  302.18798   88  391  -56.42905  819.34192  1552%   778 27794s
 543903 264245  799.53229   46  289  -56.42905  819.34192  1552%   778 27852s
 544472 264685  532.89872   56  225  -56.42905  819.34192  1552%   779 27909s
 545066 265261  790.74366   45  227  -56.42905  819.34192  1552%   779 27971s
 545747 265750  225.80270   95  456  -56.42905  819.34192  1552%   779 28029s
 546413 266240  626.96523   51  318  -56.42905  819.34192  1552%   779 28090s
 547066 266720  805.50494   49  281  -56.42905  819.34192  1552%   779 28149s
 547693 267289  462.71370   42  229  -56.42905  819.34192  1552%   779 28215s
 548456 267736  169.54306   65  322  -56.42905  819.34192  1552%   779 28275s
 549069 268163  795.42895   45  258  -56.42905  819.34192  1552%   779 28333s
 549766 268618  800.71897   53  207  -56.42905  819.34192  1552%   779 28389s
 550315 269213  743.57757   40  226  -56.42905  819.34192  1552%   780 28446s
 551092 269660  753.33320   45  219  -56.42905  819.34192  1552%   780 28504s
 551678 270199  280.44459   59  315  -56.42905  819.34192  1552%   780 28565s
 552283 270826  603.66940   68  345  -56.42905  819.34192  1552%   780 28626s
 552914 271478  296.15675   83  436  -56.42905  819.34192  1552%   780 28682s
 553731 271867  434.58749   71  416  -56.42905  819.34192  1552%   780 28738s
 554327 272304  819.34192   34  241  -56.42905  819.34192  1552%   781 28798s
 554921 272764  403.94436   80  447  -56.42905  819.34192  1552%   781 28858s
 555503 273160  622.06683   46  226  -56.42905  819.34192  1552%   781 28920s
 556016 273682     cutoff   88       -56.42905  819.34192  1552%   781 28983s
 556605 274165  254.88254   87  439  -56.42905  819.34192  1552%   781 29042s
 557262 274652  784.19743   43  240  -56.42905  819.34192  1552%   781 29106s
 557844 275124  141.47292   90  452  -56.42905  819.34192  1552%   781 29170s
 558459 275624  404.74069   66  290  -56.42905  819.34192  1552%   782 29232s
 559195 276058  775.92562   35  197  -56.42905  819.34192  1552%   782 29295s
 559732 276605  349.47529   77  335  -56.42905  819.34192  1552%   782 29359s
 560416 277313  774.34481   52  245  -56.42905  819.34192  1552%   782 29425s
 561231 277839  753.88939   52  262  -56.42905  819.34192  1552%   782 29479s
 561923 278247  233.37939  102  470  -56.42905  819.34192  1552%   782 29534s
 562451 278799  642.87034   70  344  -56.42905  819.34192  1552%   782 29593s
 563106 279248  749.52357   38  216  -56.42905  819.34192  1552%   782 29650s
 563669 279676  115.71068   88  392  -56.42905  819.34192  1552%   782 29712s
 564251 280113  819.34192   43  242  -56.42905  819.34192  1552%   783 29771s
 564843 280676  647.83225   50  230  -56.42905  819.34192  1552%   783 29831s
 565519 281138  423.63346   44  204  -56.42905  819.34192  1552%   783 29891s
 566131 281540  498.16318   62  327  -56.42905  819.34192  1552%   783 29953s
 566659 281991  815.50640   50  249  -56.42905  819.34192  1552%   783 30000s
